0	2	3
1	2	0
2	0	0
3	1	4
4	0	0
5	1	4
6	2	1
7	4	1
8	4	1
9	1	4
10	1	4
11	0	0
12	0	0
13	1	4
14	1	4
15	0	0
16	0	0
17	1	4
18	0	0
19	2	1
20	3	2
21	2	3
22	1	4
23	2	3
24	1	4
25	0	0
26	1	4
27	1	4
28	4	1
29	3	2
30	2	1
31	0	0
32	2	3
33	2	3
34	0	1
35	0	0
36	4	2
37	1	4
38	0	0
39	2	3
40	0	0
41	3	2
42	4	1
43	4	1
44	2	4
45	1	3
46	2	3
47	2	3
48	3	2
49	3	2
50	2	3
51	2	3
52	2	3
53	3	2
54	1	4
55	0	0
56	2	3
57	1	4
58	2	3
59	0	0
60	0	0
61	4	1
62	2	0
63	1	4
64	2	3
65	4	1
66	2	1
67	0	0
68	1	4
69	0	0
70	2	1
71	1	4
72	4	1
73	1	4
74	4	1
75	2	3
76	0	0
77	1	4
78	2	3
79	3	2
80	4	1
81	2	1
82	2	3
83	0	0
84	2	3
85	1	4
86	2	3
87	2	3
88	1	4
89	0	0
90	0	0
91	2	3
92	4	1
93	2	4
94	0	0
95	4	1
96	1	4
97	1	4
98	2	3
99	1	4
100	3	2
101	2	3
102	0	0
103	1	4
104	1	4
105	3	2
106	0	0
107	2	3
108	3	2
109	0	0
110	4	1
111	0	0
112	0	0
113	2	1
114	4	1
115	3	2
116	2	0
117	0	1
118	3	2
119	3	2
120	4	1
121	0	0
122	0	0
123	4	2
124	1	4
125	4	1
126	0	0
127	3	2
128	2	3
129	4	2
130	2	1
131	3	2
132	1	4
133	4	1
134	1	4
135	0	0
136	1	4
137	0	0
138	3	2
139	0	0
140	0	0
141	2	3
142	1	4
143	4	1
144	0	0
145	1	3
146	2	3
147	4	1
148	2	1
149	4	1
150	2	1
151	4	1
152	0	0
153	4	1
154	0	0
155	4	2
156	4	1
157	2	3
158	2	3
159	1	4
160	3	2
161	0	0
162	1	4
163	1	4
164	1	4
165	0	0
166	2	1
167	2	1
168	1	4
169	0	0
170	0	0
171	4	1
172	0	0
173	1	4
174	0	0
175	2	3
176	2	3
177	2	3
178	2	4
179	1	4
180	1	4
181	2	3
182	4	3
183	2	3
184	1	4
185	0	0
186	2	1
187	1	3
188	0	0
189	0	0
190	0	0
191	3	2
192	0	0
193	0	0
194	3	2
195	2	3
196	1	4
197	2	3
198	1	4
199	0	0
200	4	1
201	1	4
202	0	0
203	3	2
204	2	3
205	0	0
206	0	0
207	3	2
208	0	0
209	4	1
210	4	1
211	0	0
212	4	1
213	3	2
214	0	0
215	1	4
216	4	1
217	2	3
218	2	1
219	0	2
220	2	3
221	0	0
222	2	3
223	0	0
224	1	3
225	0	0
226	0	0
227	4	1
228	2	3
229	2	3
230	2	3
231	3	2
232	2	4
233	1	4
234	1	4
235	2	3
236	2	0
237	4	1
238	0	0
239	2	3
240	3	2
241	4	1
242	2	3
243	2	3
244	4	1
245	1	4
246	2	1
247	2	3
248	0	1
249	1	4
250	2	3
251	0	0
252	0	0
253	4	1
254	4	1
255	0	0
256	0	0
257	1	4
258	1	3
259	0	0
260	4	1
261	1	3
262	0	0
263	1	4
264	3	2
265	0	0
266	3	2
267	2	3
268	2	3
269	0	0
270	0	0
271	0	0
272	4	1
273	2	3
274	0	0
275	1	4
276	4	1
277	1	4
278	0	0
279	2	1
280	3	2
281	4	2
282	2	3
283	1	4
284	3	2
285	2	3
286	2	4
287	4	1
288	4	2
289	0	0
290	3	2
291	2	3
292	1	3
293	0	0
294	4	1
295	0	0
296	0	0
297	2	3
298	1	4
299	2	3
300	2	3
301	2	1
302	0	0
303	4	1
304	2	3
305	2	3
306	2	1
307	2	3
308	4	1
309	0	0
310	3	2
311	0	0
312	2	3
313	2	4
314	1	4
315	3	2
316	0	0
317	3	2
318	4	1
319	0	0
320	1	3
321	1	4
322	1	4
323	3	2
324	1	4
325	1	4
326	4	1
327	2	3
328	2	3
329	4	1
330	2	1
331	2	3
332	2	3
333	0	0
334	1	4
335	3	2
336	2	3
337	4	1
338	0	0
339	4	1
340	4	1
341	3	2
342	1	3
343	1	4
344	3	2
345	2	3
346	2	0
347	1	4
348	4	1
349	4	1
350	4	3
351	1	4
352	0	0
353	3	2
354	1	4
355	4	1
356	4	1
357	1	3
358	1	4
359	1	4
360	3	2
361	2	3
362	0	0
363	2	3
364	4	1
365	0	0
366	2	3
367	0	0
368	2	3
369	4	1
370	3	2
371	3	2
372	2	3
373	4	1
374	1	3
375	0	0
376	0	2
377	4	1
378	1	4
379	0	0
380	2	3
381	2	3
382	2	3
383	4	1
384	2	3
385	0	0
386	0	0
387	2	3
388	4	1
389	2	3
390	0	0
391	2	3
392	4	1
393	0	0
394	0	0
395	2	1
396	1	4
397	4	1
398	2	1
399	2	3
400	1	4
401	0	2
402	4	1
403	4	1
404	3	2
405	1	4
406	0	0
407	0	0
408	4	1
409	0	0
410	2	3
411	2	4
412	3	2
413	1	4
414	0	0
415	3	2
416	2	3
417	4	1
418	3	2
419	0	0
420	2	3
421	1	4
422	4	1
423	1	4
424	2	3
425	4	1
426	2	3
427	1	3
428	1	4
429	2	3
430	3	2
431	1	4
432	1	4
433	2	3
434	2	3
435	4	1
436	3	2
437	2	3
438	0	0
439	4	1
440	1	4
441	3	2
442	4	1
443	0	0
444	0	0
445	2	3
446	1	4
447	1	3
448	0	0
449	1	4
450	1	4
451	2	3
452	2	3
453	0	0
454	2	3
455	3	2
456	4	1
457	0	0
458	0	1
459	4	1
460	2	3
461	3	2
462	1	4
463	2	1
464	1	4
465	2	3
466	2	3
467	0	0
468	4	1
469	2	3
470	2	3
471	2	3
472	0	0
473	2	3
474	1	4
475	0	0
476	1	4
477	4	1
478	2	3
479	3	2
480	0	0
481	4	1
482	2	1
483	2	1
484	4	1
485	0	0
486	2	0
487	0	0
488	4	2
489	1	4
490	4	1
491	4	3
492	2	3
493	0	0
494	4	1
495	0	0
496	0	0
497	3	2
498	0	0
499	0	1
500	2	1
501	4	1
502	1	4
503	3	2
504	3	2
505	0	0
506	1	4
507	2	3
508	0	0
509	1	4
510	1	4
511	0	0
512	0	0
513	2	4
514	2	3
515	1	4
516	4	1
517	1	4
518	0	0
519	2	3
520	2	3
521	2	3
522	4	1
523	2	3
524	3	2
525	1	3
526	2	4
527	0	0
528	1	3
529	1	4
530	1	4
531	2	3
532	2	3
533	4	1
534	2	3
535	3	2
536	2	0
537	2	3
538	3	2
539	3	2
540	4	1
541	3	2
542	1	4
543	2	1
544	1	4
545	2	3
546	0	0
547	0	0
548	2	0
549	4	1
550	2	3
551	2	3
552	2	3
553	0	0
554	0	0
555	4	1
556	4	1
557	4	2
558	0	0
559	0	0
560	4	1
561	2	3
562	0	0
563	1	4
564	2	3
565	2	3
566	0	0
567	3	2
568	0	0
569	4	1
570	4	1
571	4	1
572	1	4
573	2	3
574	0	0
575	0	0
576	2	3
577	0	0
578	2	3
579	0	0
580	0	4
581	1	4
582	0	0
583	2	4
584	4	1
585	2	3
586	1	4
587	1	4
588	1	4
589	1	3
590	0	0
591	4	2
592	4	1
593	0	0
594	3	2
595	1	3
596	3	2
597	3	2
598	3	2
599	1	4
600	0	0
601	4	1
602	2	3
603	4	1
604	3	2
605	3	2
606	2	3
607	2	3
608	2	1
609	0	0
610	0	0
611	2	3
612	0	0
613	2	3
614	2	3
615	2	3
616	4	1
617	0	0
618	3	2
619	1	4
620	1	4
621	1	3
622	2	3
623	0	0
624	2	3
625	4	1
626	1	4
627	0	0
628	3	2
629	2	3
630	1	4
631	0	0
632	4	1
633	1	4
634	2	0
635	1	4
636	0	0
637	4	1
638	1	4
639	3	2
640	0	0
641	4	1
642	4	1
643	0	0
644	0	0
645	2	3
646	0	1
647	2	3
648	2	1
649	2	4
650	3	2
651	2	3
652	1	4
653	4	1
654	2	1
655	3	2
656	2	0
657	0	0
658	4	1
659	0	0
660	4	1
661	1	4
662	4	1
663	3	2
664	1	4
665	1	4
666	4	1
667	0	0
668	2	3
669	2	1
670	1	4
671	4	1
672	0	0
673	2	3
674	2	3
675	2	3
676	3	2
677	2	3
678	2	3
679	0	0
680	2	3
681	1	3
682	1	4
683	2	1
684	1	4
685	4	1
686	1	4
687	3	2
688	2	3
689	1	4
690	1	4
691	3	2
692	2	3
693	1	4
694	3	2
695	3	2
696	2	1
697	4	1
698	3	2
699	0	4
700	0	0
701	1	4
702	2	3
703	4	1
704	0	0
705	4	1
706	0	0
707	3	2
708	0	0
709	4	1
710	1	4
711	0	0
712	2	3
713	4	1
714	2	4
715	0	2
716	2	1
717	2	3
718	4	1
719	0	0
720	2	0
721	4	1
722	0	0
723	2	1
724	2	1
725	4	1
726	4	3
727	4	1
728	2	3
729	2	3
730	2	3
731	3	2
732	4	1
733	2	3
734	2	3
735	3	2
736	0	0
737	1	4
738	4	1
739	4	1
740	0	0
741	3	2
742	2	1
743	3	2
744	2	3
745	2	3
746	0	0
747	2	3
748	3	2
749	0	0
750	1	4
751	0	0
752	4	1
753	0	0
754	2	3
755	1	4
756	2	4
757	3	2
758	2	3
759	2	3
760	3	2
761	0	0
762	4	1
763	0	0
764	1	4
765	4	1
766	0	0
767	4	1
768	1	4
769	0	0
770	1	4
771	4	1
772	2	3
773	0	0
774	1	4
775	2	3
776	2	3
777	0	0
778	1	4
779	2	3
780	4	1
781	1	4
782	3	2
783	1	4
784	2	3
785	4	1
786	3	2
787	4	1
788	3	2
789	0	0
790	3	2
791	0	0
792	2	3
793	0	0
794	0	1
795	0	0
796	3	2
797	3	2
798	0	0
799	1	4
800	2	1
801	1	4
802	4	2
803	4	1
804	2	3
805	1	4
806	2	3
807	1	4
808	3	2
809	4	1
810	4	1
811	0	0
812	1	4
813	1	1
814	2	3
815	1	4
816	3	2
817	2	3
818	4	1
819	1	4
820	4	2
821	1	4
822	3	2
823	2	3
824	0	0
825	1	4
826	2	3
827	4	1
828	4	1
829	2	3
830	2	3
831	1	4
832	4	1
833	1	4
834	2	3
835	2	1
836	2	3
837	1	4
838	1	4
839	2	3
840	0	0
841	0	0
842	0	0
843	0	0
844	0	0
845	4	1
846	2	3
847	4	1
848	4	1
849	2	3
850	1	4
851	2	3
852	4	1
853	0	0
854	2	3
855	2	3
856	1	4
857	2	3
858	0	0
859	0	0
860	0	0
861	4	1
862	4	1
863	2	3
864	4	1
865	1	4
866	3	2
867	0	0
868	0	0
869	1	4
870	2	3
871	3	2
872	3	2
873	0	0
874	1	4
875	2	3
876	1	4
877	2	3
878	1	4
879	3	2
880	2	3
881	2	4
882	0	0
883	0	0
884	2	1
885	3	2
886	0	0
887	2	1
888	0	0
889	3	2
890	3	2
891	3	2
892	0	0
893	0	0
894	2	3
895	1	4
896	2	1
897	3	2
898	0	0
899	1	4
900	2	0
901	3	2
902	0	0
903	1	4
904	1	4
905	0	0
906	1	4
907	2	1
908	2	3
909	0	0
910	1	4
911	3	2
912	2	0
913	1	4
914	1	4
915	3	2
916	1	4
917	0	0
918	1	4
919	2	3
920	1	4
921	1	4
922	4	1
923	1	4
924	2	3
925	4	1
926	0	0
927	2	1
928	4	1
929	4	2
930	1	4
931	2	3
932	4	3
933	4	1
934	1	4
935	3	2
936	1	4
937	2	3
938	4	1
939	2	1
940	0	0
941	0	2
942	2	3
943	0	0
944	4	1
945	2	4
946	1	4
947	0	0
948	0	0
949	4	1
950	0	0
951	2	1
952	4	1
953	0	0
954	0	0
955	2	3
956	0	0
957	3	2
958	1	4
959	1	3
960	2	3
961	1	4
962	3	2
963	1	4
964	0	0
965	0	0
966	2	3
967	3	2
968	4	1
969	2	3
970	1	4
971	0	0
972	0	0
973	2	1
974	4	1
975	4	1
976	2	3
977	3	2
978	4	1
979	1	4
980	2	3
981	4	1
982	0	1
983	0	0
984	2	3
985	2	3
986	2	3
987	0	0
988	2	1
989	3	2
990	2	3
991	3	2
992	1	4
993	2	3
994	2	1
995	2	1
996	2	3
997	0	0
998	0	0
999	1	1
1000	0	0
1001	4	1
1002	1	4
1003	2	3
1004	4	1
1005	2	3
1006	1	3
1007	0	0
1008	4	1
1009	4	1
1010	2	3
1011	2	3
1012	2	3
1013	2	3
1014	2	0
1015	2	3
1016	1	4
1017	3	2
1018	2	1
1019	2	3
1020	0	0
1021	0	0
1022	4	2
1023	4	2
1024	2	3
1025	4	1
1026	1	4
1027	4	1
1028	3	2
1029	2	3
1030	4	1
1031	2	3
1032	0	0
1033	2	3
1034	0	0
1035	1	4
1036	1	4
1037	2	3
1038	2	1
1039	2	1
1040	1	4
1041	2	3
1042	2	3
1043	3	2
1044	0	0
1045	3	2
1046	0	0
1047	2	3
1048	2	3
1049	0	0
1050	2	3
1051	4	1
1052	1	4
1053	2	3
1054	0	0
1055	2	3
1056	2	3
1057	4	1
1058	0	0
1059	2	4
1060	3	2
1061	4	1
1062	4	1
1063	1	4
1064	3	2
1065	4	1
1066	4	2
1067	4	1
1068	2	3
1069	3	2
1070	2	3
1071	2	3
1072	3	2
1073	0	0
1074	0	0
1075	0	0
1076	4	1
1077	4	1
1078	0	0
1079	1	4
1080	0	0
1081	2	3
1082	4	1
1083	1	4
1084	4	1
1085	1	4
1086	3	2
1087	1	4
1088	2	3
1089	4	1
1090	2	3
1091	2	3
1092	0	0
1093	2	1
1094	0	0
1095	2	3
1096	2	3
1097	0	0
1098	2	3
1099	0	0
1100	2	3
1101	2	1
1102	2	1
1103	3	2
1104	4	1
1105	4	1
1106	3	2
1107	1	4
1108	1	4
1109	2	3
1110	1	4
1111	2	3
1112	1	4
1113	2	3
1114	2	0
1115	0	0
1116	3	2
1117	1	4
1118	3	2
1119	0	0
1120	2	4
1121	1	3
1122	1	4
1123	1	4
1124	2	1
1125	0	0
1126	2	3
1127	1	4
1128	1	4
1129	2	3
1130	0	0
1131	3	2
1132	4	1
1133	1	4
1134	1	4
1135	0	0
1136	1	4
1137	3	2
1138	2	3
1139	0	0
1140	0	0
1141	0	0
1142	3	2
1143	2	3
1144	3	2
1145	3	2
1146	2	0
1147	3	2
1148	1	4
1149	2	3
1150	0	0
1151	0	0
1152	2	3
1153	1	4
1154	1	4
1155	2	3
1156	0	0
1157	1	4
1158	3	2
1159	2	1
1160	2	3
1161	2	3
1162	2	3
1163	4	1
1164	2	3
1165	2	3
1166	0	0
1167	3	2
1168	3	2
1169	2	3
1170	0	0
1171	3	2
1172	2	3
1173	1	4
1174	4	1
1175	2	3
1176	4	1
1177	4	1
1178	3	2
1179	4	1
1180	0	0
1181	1	4
1182	4	1
1183	3	2
1184	1	3
1185	0	0
1186	4	1
1187	2	3
1188	4	1
1189	1	4
1190	0	0
1191	3	2
1192	1	4
1193	1	4
1194	4	1
1195	0	0
1196	0	0
1197	1	3
1198	2	3
1199	3	2
1200	2	3
1201	1	4
1202	4	1
1203	2	3
1204	1	4
1205	4	1
1206	4	1
1207	2	3
1208	0	0
1209	0	0
1210	1	4
1211	3	2
1212	2	4
1213	2	4
1214	3	2
1215	4	2
1216	0	0
1217	0	0
1218	2	1
1219	3	2
1220	4	1
1221	4	1
1222	2	3
1223	0	0
1224	2	3
1225	2	1
1226	0	2
1227	2	1
1228	1	4
1229	0	0
1230	2	0
1231	3	2
1232	2	3
1233	0	0
1234	0	0
1235	0	0
1236	0	0
1237	2	1
1238	0	0
1239	1	4
1240	1	4
1241	0	0
1242	0	0
1243	4	1
1244	1	4
1245	4	1
1246	2	3
1247	2	3
1248	4	1
1249	3	2
1250	0	0
1251	4	1
1252	0	0
1253	4	1
1254	4	1
1255	3	2
1256	2	3
1257	4	1
1258	2	3
1259	1	4
1260	3	2
1261	0	0
1262	3	2
1263	0	0
1264	2	0
1265	2	3
1266	1	4
1267	2	1
1268	1	4
1269	1	4
1270	4	1
1271	1	3
1272	1	4
1273	2	4
1274	2	4
1275	2	3
1276	2	3
1277	0	0
1278	3	2
1279	0	0
1280	1	4
1281	4	1
1282	1	4
1283	4	1
1284	0	0
1285	2	3
1286	2	3
1287	0	0
1288	0	0
1289	0	0
1290	2	1
1291	2	3
1292	3	2
1293	3	2
1294	2	3
1295	2	0
1296	4	1
1297	4	2
1298	4	1
1299	1	4
1300	2	3
1301	2	1
1302	0	0
1303	2	3
1304	2	3
1305	0	0
1306	0	0
1307	4	1
1308	0	0
1309	4	1
1310	1	4
1311	1	4
1312	0	0
1313	2	3
1314	2	3
1315	2	3
1316	0	0
1317	1	4
1318	2	3
1319	2	1
1320	4	1
1321	1	4
1322	0	0
1323	0	0
1324	1	4
1325	2	3
1326	1	4
1327	0	0
1328	3	2
1329	0	0
1330	4	1
1331	2	3
1332	0	0
1333	4	1
1334	4	2
1335	3	2
1336	0	0
1337	0	0
1338	4	1
1339	2	3
1340	4	1
1341	1	4
1342	3	2
1343	1	4
1344	1	3
1345	1	4
1346	4	1
1347	2	3
1348	0	0
1349	4	1
1350	1	4
1351	1	4
1352	4	1
1353	0	0
1354	0	0
1355	2	3
1356	0	0
1357	0	1
1358	4	1
1359	2	3
1360	4	1
1361	3	2
1362	3	2
1363	2	3
1364	0	0
1365	4	1
1366	4	1
1367	1	4
1368	0	0
1369	2	3
1370	0	1
1371	0	0
1372	4	1
1373	2	1
1374	2	4
1375	2	3
1376	4	2
1377	2	3
1378	0	0
1379	0	0
1380	0	0
1381	3	2
1382	2	4
1383	0	0
1384	2	0
1385	2	1
1386	1	4
1387	1	4
1388	1	4
1389	2	4
1390	0	0
1391	0	0
1392	3	2
1393	2	3
1394	2	3
1395	4	1
1396	2	3
1397	3	2
1398	0	0
1399	0	0
1400	1	4
1401	1	4
1402	4	1
1403	1	4
1404	0	0
1405	1	4
1406	1	3
1407	1	3
1408	2	3
1409	1	4
1410	0	0
1411	0	0
1412	2	3
1413	0	0
1414	2	3
1415	2	0
1416	0	0
1417	4	1
1418	0	0
1419	0	0
1420	1	4
1421	1	4
1422	0	0
1423	2	4
1424	0	0
1425	2	3
1426	4	1
1427	1	4
1428	3	2
1429	0	0
1430	1	4
1431	0	0
1432	3	2
1433	3	2
1434	3	2
1435	2	1
1436	1	4
1437	0	0
1438	4	1
1439	3	2
1440	2	1
1441	0	1
1442	0	0
1443	2	3
1444	2	1
1445	0	0
1446	2	3
1447	0	0
1448	4	1
1449	4	1
1450	2	3
1451	2	3
1452	1	4
1453	1	4
1454	4	1
1455	1	4
1456	3	2
1457	3	2
1458	0	0
1459	2	1
1460	2	3
1461	2	3
1462	0	0
1463	0	1
1464	4	1
1465	0	0
1466	0	0
1467	0	0
1468	0	0
1469	0	0
1470	1	4
1471	4	1
1472	0	0
1473	4	1
1474	2	3
1475	1	4
1476	2	3
1477	0	0
1478	2	3
1479	0	0
1480	0	0
1481	0	0
1482	0	0
1483	2	3
1484	1	4
1485	1	4
1486	4	1
1487	2	3
1488	2	3
1489	1	4
1490	0	0
1491	2	3
1492	3	2
1493	3	2
1494	2	3
1495	3	2
1496	1	3
1497	2	3
1498	4	1
1499	0	2
1500	2	1
1501	1	4
1502	2	3
1503	2	3
1504	0	0
1505	0	0
1506	0	0
1507	0	0
1508	0	0
1509	0	0
1510	3	2
1511	2	3
1512	3	2
1513	2	3
1514	4	1
1515	4	1
1516	1	4
1517	4	1
1518	2	3
1519	4	2
1520	0	0
1521	0	0
1522	3	2
1523	2	3
1524	4	1
1525	2	3
1526	2	3
1527	3	2
1528	2	1
1529	1	4
1530	1	4
1531	2	3
1532	1	4
1533	4	1
1534	2	1
1535	2	3
1536	4	1
1537	2	3
1538	2	3
1539	2	3
1540	4	1
1541	2	3
1542	2	3
1543	2	3
1544	4	1
1545	4	1
1546	1	4
1547	4	1
1548	2	0
1549	2	3
1550	4	1
1551	0	0
1552	0	0
1553	2	3
1554	1	3
1555	1	4
1556	1	4
1557	0	0
1558	0	0
1559	2	3
1560	1	4
1561	0	0
1562	2	4
1563	4	1
1564	0	0
1565	0	0
1566	2	4
1567	1	4
1568	3	2
1569	2	1
1570	3	2
1571	2	0
1572	0	0
1573	4	1
1574	1	4
1575	2	3
1576	2	3
1577	2	3
1578	2	3
1579	1	4
1580	2	3
1581	4	1
1582	1	3
1583	4	1
1584	1	4
1585	1	4
1586	0	0
1587	2	0
1588	0	0
1589	3	2
1590	0	0
1591	2	3
1592	4	1
1593	3	2
1594	3	2
1595	4	1
1596	1	4
1597	3	2
1598	4	1
1599	4	1
1600	2	3
1601	4	1
1602	0	0
1603	1	4
1604	0	0
1605	2	3
1606	2	1
1607	3	2
1608	2	1
1609	2	3
1610	0	0
1611	4	1
1612	0	0
1613	1	4
1614	1	4
1615	2	3
1616	2	4
1617	0	0
1618	3	2
1619	0	0
1620	4	1
1621	0	0
1622	0	0
1623	2	3
1624	0	0
1625	3	2
1626	3	2
1627	2	3
1628	1	3
1629	3	2
1630	2	3
1631	1	4
1632	0	0
1633	0	0
1634	4	1
1635	2	3
1636	0	0
1637	0	0
1638	0	0
1639	1	4
1640	0	0
1641	1	4
1642	1	4
1643	0	0
1644	4	1
1645	4	1
1646	2	3
1647	3	2
1648	0	0
1649	2	3
1650	4	1
1651	3	2
1652	0	0
1653	0	0
1654	4	1
1655	2	3
1656	2	3
1657	3	2
1658	2	1
1659	1	3
1660	1	4
1661	1	4
1662	3	2
1663	4	1
1664	3	2
1665	0	0
1666	1	4
1667	2	3
1668	3	2
1669	0	0
1670	2	3
1671	4	1
1672	1	4
1673	4	0
1674	3	2
1675	4	1
1676	1	3
1677	2	3
1678	2	3
1679	2	3
1680	0	0
1681	3	2
1682	4	1
1683	0	0
1684	2	3
1685	1	4
1686	3	2
1687	3	2
1688	1	4
1689	0	0
1690	4	1
1691	2	0
1692	1	4
1693	2	3
1694	2	3
1695	1	3
1696	2	3
1697	3	2
1698	1	4
1699	3	2
1700	3	2
1701	4	2
1702	4	1
1703	2	4
1704	0	0
1705	3	2
1706	4	1
1707	0	0
1708	0	0
1709	3	2
1710	1	4
1711	0	0
1712	2	3
1713	2	1
1714	4	1
1715	4	1
1716	1	3
1717	4	2
1718	0	0
1719	1	3
1720	4	1
1721	2	3
1722	3	2
1723	1	4
1724	2	4
1725	0	0
1726	0	0
1727	3	2
1728	2	3
1729	4	1
1730	1	4
1731	0	0
1732	3	2
1733	2	3
1734	1	4
1735	2	3
1736	0	0
1737	0	0
1738	4	1
1739	4	1
1740	4	1
1741	1	3
1742	2	3
1743	2	3
1744	4	1
1745	2	3
1746	2	3
1747	1	4
1748	2	0
1749	3	2
1750	4	1
1751	4	1
1752	1	3
1753	2	1
1754	2	3
1755	0	0
1756	1	4
1757	3	2
1758	4	1
1759	4	1
1760	2	3
1761	4	1
1762	2	3
1763	0	0
1764	2	3
1765	1	4
1766	1	4
1767	2	1
1768	0	0
1769	2	4
1770	0	0
1771	0	0
1772	2	3
1773	1	4
1774	1	4
1775	3	2
1776	2	3
1777	1	4
1778	1	4
1779	4	1
1780	4	1
1781	3	2
1782	3	2
1783	4	1
1784	2	3
1785	3	2
1786	4	1
1787	3	2
1788	2	3
1789	1	4
1790	1	4
1791	1	3
1792	3	2
1793	1	4
1794	0	0
1795	2	3
1796	0	0
1797	0	0
1798	1	4
1799	2	3
1800	0	0
1801	2	3
1802	1	4
1803	0	0
1804	1	4
1805	2	3
1806	4	1
1807	1	4
1808	0	1
1809	2	4
1810	1	4
1811	3	2
1812	1	4
1813	0	0
1814	4	1
1815	3	2
1816	4	1
1817	2	3
1818	3	2
1819	4	1
1820	0	0
1821	0	0
1822	4	1
1823	1	4
1824	4	2
1825	1	4
1826	2	1
1827	4	1
1828	4	1
1829	0	0
1830	4	1
1831	3	2
1832	2	3
1833	4	1
1834	1	4
1835	2	0
1836	1	4
1837	1	4
1838	1	4
1839	2	3
1840	2	3
1841	2	3
1842	1	3
1843	1	4
1844	1	4
1845	3	2
1846	4	1
1847	0	0
1848	2	3
1849	1	4
1850	4	1
1851	2	1
1852	2	1
1853	3	2
1854	0	0
1855	1	4
1856	4	2
1857	4	1
1858	2	3
1859	2	1
1860	4	1
1861	1	3
1862	0	0
1863	0	1
1864	4	1
1865	2	3
1866	2	3
1867	2	1
1868	0	0
1869	0	0
1870	0	0
1871	0	0
1872	3	2
1873	2	3
1874	2	4
1875	2	3
1876	1	4
1877	4	1
1878	4	1
1879	3	2
1880	1	4
1881	2	3
1882	0	0
1883	4	1
1884	0	0
1885	1	4
1886	4	1
1887	4	1
1888	3	2
1889	2	3
1890	4	1
1891	3	2
1892	2	1
1893	0	0
1894	2	3
1895	4	1
1896	2	1
1897	4	1
1898	0	0
1899	0	0
1900	2	4
1901	3	2
1902	0	0
1903	2	3
1904	2	3
1905	2	3
1906	0	0
1907	2	3
1908	2	3
1909	4	1
1910	2	1
1911	1	4
1912	4	1
1913	2	3
1914	0	0
1915	3	2
1916	2	3
1917	1	3
1918	3	2
1919	4	1
1920	4	1
1921	2	3
1922	1	3
1923	1	4
1924	0	1
1925	4	1
1926	4	1
1927	4	1
1928	4	2
1929	1	4
1930	0	0
1931	1	4
1932	2	3
1933	2	3
1934	2	1
1935	2	3
1936	4	1
1937	2	1
1938	1	4
1939	3	2
1940	2	1
1941	2	3
1942	4	1
1943	2	3
1944	4	1
1945	0	0
1946	0	0
1947	1	4
1948	1	4
1949	2	3
1950	1	4
1951	3	2
1952	2	3
1953	4	1
1954	3	2
1955	1	4
1956	1	4
1957	1	4
1958	3	2
1959	2	3
1960	2	1
1961	4	1
1962	4	1
1963	0	0
1964	4	2
1965	3	2
1966	4	1
1967	0	0
1968	1	4
1969	2	3
1970	2	3
1971	2	3
1972	3	2
1973	0	0
1974	2	3
1975	0	0
1976	2	3
1977	1	4
1978	3	2
1979	2	3
1980	0	0
1981	3	2
1982	1	4
1983	1	4
1984	1	4
1985	1	4
1986	4	1
1987	2	3
1988	2	3
1989	1	4
1990	1	4
1991	2	3
1992	1	4
1993	2	3
1994	3	2
1995	4	1
1996	0	0
1997	1	4
1998	2	3
1999	0	0
2000	0	0
2001	2	3
2002	4	1
2003	0	0
2004	1	4
2005	1	4
2006	3	2
2007	2	3
2008	4	1
2009	2	3
2010	0	0
2011	2	1
2012	1	4
2013	0	0
2014	3	2
2015	2	1
2016	0	0
2017	4	1
2018	1	4
2019	3	2
2020	4	1
2021	3	2
2022	1	4
2023	0	0
2024	4	1
2025	4	1
2026	2	3
2027	0	0
2028	2	1
2029	3	2
2030	0	0
2031	4	1
2032	4	1
2033	2	3
2034	3	2
2035	0	0
2036	4	1
2037	0	0
2038	4	1
2039	1	4
2040	2	1
2041	2	3
2042	0	0
2043	1	3
2044	2	3
2045	0	0
2046	2	3
2047	1	4
2048	2	3
2049	1	3
2050	1	4
2051	0	0
2052	1	4
2053	2	4
2054	0	0
2055	4	1
2056	1	3
2057	4	1
2058	4	1
2059	4	2
2060	3	2
2061	0	0
2062	0	0
2063	0	2
2064	4	1
2065	3	2
2066	4	1
2067	0	0
2068	1	4
2069	2	3
2070	1	4
2071	4	1
2072	1	4
2073	0	0
2074	0	0
2075	4	1
2076	2	3
2077	2	3
2078	2	3
2079	3	2
2080	2	1
2081	2	1
2082	4	1
2083	4	1
2084	4	1
2085	2	3
2086	0	0
2087	2	1
2088	2	1
2089	4	1
2090	3	2
2091	4	1
2092	1	4
2093	4	1
2094	1	4
2095	3	2
2096	0	0
2097	2	3
2098	2	3
2099	1	3
2100	2	3
2101	2	3
2102	2	1
2103	4	1
2104	2	3
2105	2	3
2106	2	3
2107	4	2
2108	2	3
2109	3	2
2110	0	0
2111	4	1
2112	1	4
2113	2	3
2114	3	2
2115	2	3
2116	1	4
2117	1	4
2118	4	1
2119	2	1
2120	2	3
2121	2	3
2122	3	2
2123	2	3
2124	1	4
2125	2	1
2126	2	3
2127	3	2
2128	2	3
2129	0	0
2130	1	4
2131	2	3
2132	2	3
2133	2	1
2134	1	4
2135	4	1
2136	2	3
2137	0	0
2138	0	0
2139	4	1
2140	4	1
2141	4	2
2142	3	2
2143	1	4
2144	2	1
2145	3	2
2146	0	0
2147	2	3
2148	2	3
2149	3	2
2150	1	4
2151	2	4
2152	4	1
2153	2	1
2154	4	1
2155	0	0
2156	0	0
2157	0	0
2158	0	0
2159	4	1
2160	0	0
2161	0	0
2162	3	2
2163	1	4
2164	2	4
2165	2	3
2166	0	0
2167	4	2
2168	2	3
2169	3	2
2170	0	0
2171	0	0
2172	0	0
2173	0	0
2174	4	1
2175	2	3
2176	3	2
2177	2	1
2178	1	4
2179	1	4
2180	0	0
2181	2	3
2182	2	1
2183	1	4
2184	1	4
2185	4	1
2186	3	2
2187	0	0
2188	2	1
2189	1	4
2190	4	1
2191	2	3
2192	0	0
2193	3	2
2194	2	3
2195	0	0
2196	1	4
2197	2	1
2198	4	1
2199	0	0
2200	1	4
2201	0	0
2202	1	4
2203	2	3
2204	0	0
2205	4	1
2206	0	0
2207	0	1
2208	0	0
2209	0	0
2210	1	4
2211	1	4
2212	0	0
2213	4	1
2214	0	0
2215	2	3
2216	1	3
2217	0	0
2218	3	2
2219	2	3
2220	0	0
2221	0	0
2222	1	4
2223	2	1
2224	4	1
2225	2	3
2226	1	4
2227	3	2
2228	1	4
2229	3	2
2230	0	0
2231	1	3
2232	2	3
2233	0	0
2234	1	3
2235	4	1
2236	2	3
2237	4	1
2238	1	4
2239	2	3
2240	2	3
2241	4	1
2242	2	3
2243	2	3
2244	0	0
2245	2	3
2246	3	2
2247	4	1
2248	1	4
2249	1	4
2250	2	1
2251	4	1
2252	1	4
2253	1	4
2254	4	1
2255	2	3
2256	4	1
2257	4	1
2258	1	4
2259	4	1
2260	1	4
2261	1	4
2262	1	3
2263	1	4
2264	3	2
2265	0	0
2266	2	3
2267	0	0
2268	3	2
2269	1	4
2270	2	3
2271	2	3
2272	2	0
2273	0	0
2274	2	3
2275	4	1
2276	4	1
2277	1	4
2278	2	1
2279	0	0
2280	0	0
2281	4	1
2282	1	4
2283	2	3
2284	2	3
2285	0	0
2286	4	1
2287	4	1
2288	1	4
2289	3	2
2290	2	1
2291	4	1
2292	2	1
2293	0	0
2294	1	4
2295	1	3
2296	4	1
2297	4	1
2298	3	2
2299	2	4
2300	2	3
2301	2	1
2302	0	0
2303	2	3
2304	1	4
2305	2	3
2306	0	0
2307	0	0
2308	1	4
2309	0	0
2310	4	1
2311	1	4
2312	1	4
2313	0	0
2314	2	3
2315	1	4
2316	2	3
2317	4	1
2318	0	0
2319	1	3
2320	3	2
2321	1	4
2322	2	1
2323	0	0
2324	1	4
2325	0	0
2326	4	1
2327	0	0
2328	3	2
2329	4	1
2330	0	0
2331	4	1
2332	0	0
2333	4	1
2334	3	2
2335	2	3
2336	2	3
2337	1	4
2338	0	0
2339	1	4
2340	1	4
2341	3	2
2342	2	3
2343	2	3
2344	0	0
2345	2	3
2346	3	2
2347	0	0
2348	1	4
2349	3	2
2350	1	4
2351	3	2
2352	0	0
2353	2	3
2354	0	0
2355	0	0
2356	1	4
2357	0	0
2358	4	1
2359	4	1
2360	2	1
2361	1	4
2362	3	2
2363	1	4
2364	1	4
2365	4	1
2366	4	1
2367	2	3
2368	0	0
2369	2	4
2370	2	3
2371	1	4
2372	1	4
2373	1	3
2374	1	3
2375	2	3
2376	2	3
2377	3	2
2378	2	3
2379	3	2
2380	2	3
2381	4	1
2382	0	0
2383	3	2
2384	2	3
2385	1	3
2386	4	1
2387	4	1
2388	3	2
2389	0	0
2390	0	0
2391	3	2
2392	0	0
2393	1	4
2394	1	4
2395	0	0
2396	0	4
2397	3	2
2398	1	4
2399	4	1
2400	2	3
2401	4	1
2402	2	3
2403	4	2
2404	1	4
2405	1	4
2406	1	4
2407	1	3
2408	4	1
2409	3	2
2410	2	3
2411	4	1
2412	1	4
2413	2	1
2414	3	2
2415	4	1
2416	2	3
2417	1	4
2418	1	4
2419	1	4
2420	0	0
2421	3	2
2422	0	0
2423	3	2
2424	2	3
2425	2	3
2426	4	1
2427	4	1
2428	2	3
2429	3	2
2430	2	1
2431	2	3
2432	4	1
2433	1	4
2434	4	1
2435	4	1
2436	1	4
2437	0	0
2438	3	2
2439	1	4
2440	4	1
2441	3	2
2442	0	0
2443	3	2
2444	2	0
2445	0	0
2446	3	2
2447	1	4
2448	0	0
2449	0	0
2450	4	1
2451	4	1
2452	1	4
2453	3	2
2454	0	0
2455	0	0
2456	4	1
2457	2	3
2458	1	4
2459	4	1
2460	3	2
2461	2	1
2462	3	2
2463	0	0
2464	3	2
2465	2	3
2466	2	1
2467	1	4
2468	2	0
2469	0	0
2470	2	3
2471	0	0
2472	1	4
2473	0	0
2474	1	4
2475	1	4
2476	4	1
2477	0	0
2478	3	2
2479	1	4
2480	0	1
2481	4	1
2482	4	1
2483	0	0
2484	4	1
2485	1	4
2486	4	1
2487	2	3
2488	2	3
2489	4	2
2490	0	0
2491	2	3
2492	4	1
2493	2	1
2494	2	1
2495	0	0
2496	0	0
2497	0	0
2498	0	0
2499	2	1
2500	2	3
2501	3	2
2502	2	3
2503	4	1
2504	0	0
2505	2	1
2506	0	0
2507	1	4
2508	2	1
2509	3	2
2510	4	1
2511	4	1
2512	3	2
2513	4	1
2514	3	2
2515	4	2
2516	0	0
2517	1	4
2518	4	1
2519	1	4
2520	2	3
2521	4	1
2522	2	1
2523	0	0
2524	0	0
2525	4	1
2526	0	0
2527	2	3
2528	0	0
2529	0	0
2530	2	3
2531	0	0
2532	4	1
2533	2	1
2534	4	1
2535	1	3
2536	0	1
2537	1	3
2538	2	1
2539	0	0
2540	4	1
2541	0	0
2542	0	0
2543	3	2
2544	4	1
2545	2	4
2546	4	1
2547	0	0
2548	0	4
2549	1	3
2550	2	3
2551	0	0
2552	0	0
2553	4	1
2554	1	4
2555	4	1
2556	1	4
2557	2	3
2558	4	1
2559	1	3
2560	0	0
2561	1	4
2562	2	3
2563	0	0
2564	4	1
2565	2	3
2566	4	1
2567	2	3
2568	1	4
2569	2	3
2570	2	1
2571	4	1
2572	3	2
2573	2	3
2574	2	0
2575	2	3
2576	4	1
2577	3	2
2578	3	2
2579	0	0
2580	1	4
2581	2	3
2582	2	0
2583	4	1
2584	2	3
2585	0	0
2586	4	1
2587	0	0
2588	2	3
2589	1	4
2590	0	0
2591	2	3
2592	0	0
2593	0	0
2594	2	3
2595	2	3
2596	3	2
2597	4	1
2598	3	2
2599	2	3
2600	1	4
2601	1	4
2602	1	4
2603	0	0
2604	2	1
2605	2	1
2606	0	0
2607	1	4
2608	3	2
2609	0	0
2610	2	3
2611	4	1
2612	2	3
2613	0	0
2614	0	0
2615	1	4
2616	1	4
2617	3	2
2618	4	1
2619	3	2
2620	1	4
2621	2	3
2622	4	1
2623	4	1
2624	0	0
2625	2	3
2626	1	4
2627	1	4
2628	4	1
2629	1	4
2630	1	4
2631	1	4
2632	0	0
2633	3	2
2634	0	0
2635	0	0
2636	0	0
2637	0	0
2638	2	3
2639	4	2
2640	0	0
2641	4	2
2642	0	0
2643	2	3
2644	0	0
2645	0	0
2646	4	1
2647	3	2
2648	1	4
2649	2	3
2650	1	4
2651	4	1
2652	0	0
2653	0	0
2654	2	3
2655	0	0
2656	2	3
2657	4	2
2658	4	0
2659	1	4
2660	1	4
2661	0	0
2662	3	2
2663	0	0
2664	0	0
2665	4	1
2666	1	4
2667	0	0
2668	2	3
2669	3	2
2670	0	0
2671	0	0
2672	2	1
2673	1	4
2674	3	2
2675	3	2
2676	4	1
2677	4	1
2678	2	1
2679	0	0
2680	2	3
2681	4	1
2682	3	2
2683	1	4
2684	1	4
2685	1	4
2686	2	3
2687	4	1
2688	2	3
2689	1	3
2690	0	0
2691	1	4
2692	1	4
2693	2	1
2694	1	4
2695	2	1
2696	4	1
2697	1	4
2698	2	3
2699	2	3
2700	2	3
2701	1	4
2702	4	1
2703	2	1
2704	2	3
2705	2	3
2706	0	0
2707	3	2
2708	2	3
2709	2	3
2710	4	2
2711	2	1
2712	1	4
2713	1	4
2714	2	3
2715	3	2
2716	2	3
2717	2	3
2718	3	2
2719	3	2
2720	3	2
2721	0	0
2722	4	1
2723	0	0
2724	2	3
2725	1	4
2726	2	1
2727	1	4
2728	0	0
2729	2	1
2730	2	3
2731	2	3
2732	3	2
2733	1	4
2734	0	1
2735	3	2
2736	1	4
2737	1	4
2738	3	2
2739	1	3
2740	1	4
2741	1	4
2742	4	1
2743	0	0
2744	3	2
2745	2	3
2746	1	4
2747	2	3
2748	2	0
2749	2	3
2750	2	3
2751	1	4
2752	1	4
2753	1	4
2754	1	4
2755	2	3
2756	1	4
2757	0	0
2758	2	3
2759	1	4
2760	3	2
2761	0	0
2762	0	0
2763	0	0
2764	4	1
2765	0	1
2766	1	4
2767	0	0
2768	0	0
2769	2	3
2770	4	1
2771	2	3
2772	1	4
2773	4	1
2774	1	4
2775	1	4
2776	2	3
2777	2	1
2778	0	0
2779	2	3
2780	3	2
2781	1	4
2782	1	4
2783	2	1
2784	1	4
2785	2	3
2786	2	3
2787	1	4
2788	1	4
2789	1	4
2790	4	1
2791	2	3
2792	1	4
2793	0	0
2794	3	2
2795	4	1
2796	4	1
2797	0	0
2798	3	2
2799	1	4
2800	0	0
2801	2	3
2802	0	0
2803	3	2
2804	4	1
2805	2	0
2806	4	2
2807	4	1
2808	3	2
2809	0	0
2810	1	4
2811	0	0
2812	1	4
2813	3	2
2814	1	4
2815	0	0
2816	2	1
2817	2	4
2818	0	0
2819	0	0
2820	0	0
2821	1	4
2822	2	3
2823	1	4
2824	3	2
2825	2	3
2826	4	1
2827	4	1
2828	1	4
2829	0	0
2830	1	3
2831	0	0
2832	2	3
2833	0	0
2834	3	2
2835	2	3
2836	1	4
2837	1	3
2838	0	0
2839	2	3
2840	0	0
2841	1	4
2842	1	4
2843	1	3
2844	0	0
2845	0	0
2846	1	4
2847	0	0
2848	0	0
2849	1	4
2850	2	3
2851	0	0
2852	4	1
2853	0	0
2854	2	3
2855	3	2
2856	2	1
2857	0	0
2858	3	2
2859	4	1
2860	1	4
2861	0	0
2862	1	3
2863	4	1
2864	2	3
2865	2	3
2866	4	1
2867	4	1
2868	4	1
2869	4	2
2870	2	4
2871	1	4
2872	4	1
2873	2	3
2874	1	4
2875	4	1
2876	1	4
2877	4	3
2878	3	2
2879	2	3
2880	0	0
2881	0	0
2882	0	0
2883	2	3
2884	1	4
2885	3	2
2886	0	0
2887	0	0
2888	1	4
2889	0	0
2890	2	3
2891	4	1
2892	2	3
2893	3	2
2894	0	0
2895	4	1
2896	2	3
2897	2	3
2898	4	1
2899	1	4
2900	2	3
2901	2	3
2902	3	2
2903	2	3
2904	2	3
2905	0	0
2906	2	3
2907	1	4
2908	3	2
2909	1	4
2910	0	0
2911	2	1
2912	4	1
2913	3	2
2914	0	0
2915	4	1
2916	1	4
2917	0	0
2918	3	2
2919	1	4
2920	0	0
2921	2	3
2922	2	3
2923	4	1
2924	2	3
2925	4	1
2926	3	2
2927	1	4
2928	0	0
2929	2	0
2930	3	2
2931	4	1
2932	0	0
2933	2	3
2934	4	1
2935	0	0
2936	2	3
2937	1	4
2938	2	1
2939	1	4
2940	2	1
2941	1	4
2942	0	0
2943	2	3
2944	4	1
2945	1	4
2946	1	4
2947	4	1
2948	4	1
2949	4	1
2950	4	1
2951	2	1
2952	1	4
2953	3	2
2954	4	1
2955	1	4
2956	0	1
2957	2	3
2958	0	0
2959	1	4
2960	0	0
2961	0	0
2962	0	0
2963	4	1
2964	2	1
2965	1	4
2966	1	4
2967	2	3
2968	1	4
2969	2	3
2970	2	3
2971	1	4
2972	1	4
2973	2	1
2974	4	1
2975	2	3
2976	2	1
2977	3	2
2978	2	3
2979	0	0
2980	0	0
2981	0	4
2982	4	1
2983	2	4
2984	1	3
2985	0	0
2986	2	3
2987	3	2
2988	2	3
2989	0	0
2990	2	3
2991	0	0
2992	2	3
2993	4	1
2994	0	0
2995	0	0
2996	2	1
2997	2	3
2998	4	1
2999	0	0
3000	4	1
3001	3	2
3002	1	4
3003	1	4
3004	3	2
3005	4	1
3006	0	0
3007	0	0
3008	0	0
3009	3	2
3010	3	2
3011	4	1
3012	1	4
3013	2	3
3014	0	0
3015	1	4
3016	1	4
3017	2	3
3018	4	2
3019	2	3
3020	3	2
3021	1	4
3022	2	3
3023	2	1
3024	3	2
3025	1	4
3026	2	3
3027	2	3
3028	0	1
3029	2	1
3030	2	3
3031	2	3
3032	0	0
3033	4	1
3034	0	0
3035	1	4
3036	1	4
3037	2	1
3038	2	1
3039	0	0
3040	2	3
3041	1	4
3042	1	4
3043	2	3
3044	1	4
3045	0	0
3046	4	1
3047	1	4
3048	1	4
3049	4	1
3050	2	3
3051	2	0
3052	2	3
3053	4	2
3054	2	3
3055	3	2
3056	4	1
3057	2	3
3058	0	0
3059	0	0
3060	2	3
3061	4	1
3062	2	3
3063	0	0
3064	0	0
3065	2	4
3066	3	2
3067	2	1
3068	0	0
3069	1	3
3070	4	1
3071	0	0
3072	3	2
3073	4	1
3074	4	1
3075	0	0
3076	3	2
3077	2	1
3078	0	0
3079	3	2
3080	2	3
3081	4	1
3082	2	4
3083	0	0
3084	4	1
3085	0	0
3086	0	0
3087	2	3
3088	4	1
3089	2	3
3090	4	1
3091	3	2
3092	3	2
3093	4	2
3094	2	3
3095	4	1
3096	4	1
3097	3	2
3098	0	0
3099	4	1
3100	4	1
3101	3	2
3102	4	1
3103	4	1
3104	2	3
3105	1	4
3106	2	1
3107	2	3
3108	1	4
3109	4	1
3110	1	4
3111	4	1
3112	4	1
3113	1	4
3114	0	0
3115	0	0
3116	0	0
3117	0	0
3118	4	1
3119	0	0
3120	1	4
3121	0	0
3122	1	4
3123	2	3
3124	1	4
3125	1	4
3126	0	0
3127	3	2
3128	3	2
3129	0	0
3130	0	0
3131	1	3
3132	0	0
3133	0	0
3134	2	1
3135	2	3
3136	1	4
3137	0	0
3138	0	0
3139	1	4
3140	3	2
3141	2	3
3142	2	3
3143	1	4
3144	0	0
3145	2	4
3146	2	3
3147	1	4
3148	4	1
3149	0	0
3150	0	0
3151	4	1
3152	2	3
3153	2	3
3154	4	1
3155	0	0
3156	4	2
3157	4	1
3158	3	2
3159	1	4
3160	4	1
3161	4	1
3162	1	4
3163	3	2
3164	2	1
3165	4	1
3166	2	3
3167	2	3
3168	1	4
3169	0	0
3170	1	4
3171	2	3
3172	2	3
3173	2	3
3174	0	0
3175	2	0
3176	3	2
3177	1	4
3178	1	4
3179	0	0
3180	0	0
3181	4	1
3182	2	3
3183	0	0
3184	3	2
3185	1	4
3186	2	1
3187	1	4
3188	1	4
3189	1	4
3190	4	1
3191	4	1
3192	2	3
3193	1	4
3194	2	3
3195	4	1
3196	4	1
3197	3	2
3198	4	1
3199	3	2
3200	0	0
3201	0	0
3202	0	0
3203	2	1
3204	1	4
3205	3	2
3206	1	4
3207	2	3
3208	4	1
3209	2	3
3210	2	3
3211	0	0
3212	4	1
3213	2	1
3214	4	1
3215	3	2
3216	4	1
3217	2	3
3218	2	3
3219	1	4
3220	1	4
3221	2	3
3222	1	4
3223	2	1
3224	3	2
3225	2	3
3226	1	4
3227	2	0
3228	0	0
3229	1	4
3230	0	0
3231	0	0
3232	2	1
3233	4	1
3234	0	0
3235	2	1
3236	0	0
3237	3	2
3238	2	3
3239	1	4
3240	3	2
3241	1	4
3242	0	1
3243	1	4
3244	3	2
3245	1	4
3246	0	0
3247	3	2
3248	2	3
3249	1	4
3250	3	2
3251	3	2
3252	1	3
3253	1	4
3254	4	1
3255	4	1
3256	0	0
3257	2	3
3258	3	2
3259	2	3
3260	2	3
3261	0	0
3262	4	1
3263	3	2
3264	2	3
3265	4	1
3266	1	4
3267	4	1
3268	4	1
3269	0	0
3270	2	3
3271	1	3
3272	4	1
3273	2	3
3274	0	1
3275	0	0
3276	0	0
3277	3	2
3278	4	1
3279	2	1
3280	0	0
3281	2	3
3282	0	0
3283	2	3
3284	4	1
3285	0	0
3286	1	4
3287	2	4
3288	1	4
3289	1	4
3290	2	1
3291	3	2
3292	4	1
3293	0	0
3294	3	2
3295	2	3
3296	1	4
3297	2	3
3298	0	0
3299	2	1
3300	1	4
3301	0	1
3302	2	3
3303	2	3
3304	0	0
3305	0	0
3306	2	1
3307	2	3
3308	0	0
3309	4	1
3310	0	0
3311	1	4
3312	0	0
3313	4	1
3314	4	1
3315	0	0
3316	0	0
3317	4	1
3318	2	1
3319	4	1
3320	0	0
3321	1	4
3322	1	4
3323	1	4
3324	0	0
3325	2	3
3326	4	1
3327	1	3
3328	4	1
3329	3	2
3330	0	2
3331	1	4
3332	2	3
3333	0	0
3334	0	0
3335	1	4
3336	2	1
3337	0	0
3338	4	1
3339	1	4
3340	4	1
3341	4	1
3342	1	4
3343	4	1
3344	4	1
3345	3	2
3346	1	4
3347	3	2
3348	2	3
3349	1	4
3350	0	0
3351	1	3
3352	3	2
3353	4	1
3354	2	1
3355	2	3
3356	1	3
3357	3	2
3358	2	1
3359	0	0
3360	2	3
3361	3	2
3362	4	1
3363	0	0
3364	4	1
3365	1	4
3366	2	1
3367	2	3
3368	0	0
3369	1	4
3370	2	3
3371	2	3
3372	4	1
3373	2	3
3374	2	3
3375	2	3
3376	4	1
3377	2	3
3378	2	3
3379	2	1
3380	0	0
3381	2	3
3382	3	2
3383	1	4
3384	2	3
3385	2	1
3386	0	0
3387	3	2
3388	4	1
3389	0	0
3390	1	4
3391	4	1
3392	0	0
3393	2	3
3394	4	1
3395	2	3
3396	0	0
3397	2	3
3398	2	3
3399	1	4
3400	2	3
3401	1	4
3402	1	4
3403	2	1
3404	2	0
3405	1	4
3406	2	1
3407	0	0
3408	4	1
3409	0	0
3410	2	3
3411	3	2
3412	2	3
3413	2	1
3414	0	0
3415	1	4
3416	0	0
3417	4	1
3418	2	3
3419	0	0
3420	0	0
3421	2	3
3422	2	3
3423	1	4
3424	0	0
3425	3	2
3426	3	2
3427	1	4
3428	2	3
3429	1	4
3430	3	2
3431	2	1
3432	1	4
3433	1	4
3434	0	0
3435	1	4
3436	3	2
3437	2	1
3438	3	2
3439	2	3
3440	2	3
3441	2	0
3442	1	4
3443	0	0
3444	2	3
3445	2	1
3446	2	3
3447	4	1
3448	2	3
3449	3	2
3450	1	4
3451	1	3
3452	0	0
3453	2	1
3454	4	1
3455	0	0
3456	2	3
3457	4	1
3458	4	1
3459	2	3
3460	1	4
3461	4	1
3462	1	4
3463	0	0
3464	1	4
3465	1	4
3466	3	2
3467	1	4
3468	4	1
3469	2	0
3470	2	1
3471	2	3
3472	4	1
3473	0	0
3474	2	3
3475	4	1
3476	2	1
3477	2	4
3478	0	0
3479	0	0
3480	1	4
3481	1	4
3482	3	2
3483	1	4
3484	3	2
3485	0	0
3486	3	2
3487	4	1
3488	0	0
3489	1	4
3490	1	4
3491	4	1
3492	2	3
3493	4	2
3494	2	0
3495	4	1
3496	2	3
3497	2	3
3498	2	3
3499	2	3
3500	2	3
3501	0	0
3502	2	3
3503	3	2
3504	1	4
3505	0	0
3506	2	3
3507	0	0
3508	1	4
3509	4	1
3510	0	0
3511	0	0
3512	3	2
3513	0	0
3514	2	3
3515	3	2
3516	0	0
3517	1	4
3518	3	2
3519	1	4
3520	1	4
3521	1	4
3522	1	4
3523	1	4
3524	2	3
3525	1	4
3526	4	1
3527	4	2
3528	1	4
3529	2	3
3530	2	3
3531	2	3
3532	0	0
3533	1	4
3534	0	0
3535	0	0
3536	3	2
3537	3	2
3538	2	3
3539	2	3
3540	1	4
3541	2	1
3542	0	0
3543	2	3
3544	0	0
3545	3	2
3546	3	2
3547	4	1
3548	1	4
3549	2	3
3550	2	3
3551	1	4
3552	2	0
3553	4	1
3554	3	2
3555	2	3
3556	1	4
3557	2	3
3558	1	3
3559	0	0
3560	1	4
3561	0	1
3562	4	1
3563	1	4
3564	0	0
3565	2	3
3566	4	3
3567	1	4
3568	0	0
3569	1	3
3570	4	1
3571	1	4
3572	0	0
3573	0	0
3574	4	1
3575	2	3
3576	2	3
3577	4	1
3578	2	3
3579	4	2
3580	0	0
3581	2	3
3582	4	2
3583	2	3
3584	3	2
3585	3	2
3586	3	2
3587	4	1
3588	1	4
3589	1	4
3590	1	4
3591	4	1
3592	1	4
3593	4	1
3594	4	1
3595	1	4
3596	0	0
3597	3	2
3598	0	0
3599	1	4
3600	1	4
3601	0	0
3602	0	0
3603	2	4
3604	1	4
3605	0	0
3606	0	4
3607	0	0
3608	0	0
3609	4	1
3610	0	1
3611	4	1
3612	2	3
3613	0	0
3614	2	3
3615	1	4
3616	2	3
3617	0	0
3618	0	0
3619	4	1
3620	1	4
3621	1	4
3622	2	3
3623	0	0
3624	0	0
3625	0	0
3626	0	0
3627	4	1
3628	0	0
3629	0	0
3630	2	1
3631	1	4
3632	4	1
3633	3	2
3634	3	2
3635	0	0
3636	1	1
3637	0	0
3638	3	2
3639	0	0
3640	0	0
3641	4	2
3642	4	1
3643	0	0
3644	0	0
3645	2	3
3646	0	0
3647	4	1
3648	0	0
3649	1	4
3650	4	1
3651	3	2
3652	1	4
3653	2	3
3654	4	1
3655	3	2
3656	4	1
3657	4	1
3658	0	0
3659	4	1
3660	2	3
3661	1	4
3662	1	4
3663	2	3
3664	1	4
3665	0	0
3666	0	0
3667	2	3
3668	2	1
3669	3	2
3670	2	3
3671	3	2
3672	2	3
3673	1	4
3674	4	2
3675	2	3
3676	1	4
3677	0	0
3678	1	3
3679	2	1
3680	1	4
3681	0	0
3682	2	3
3683	2	1
3684	2	3
3685	2	3
3686	2	3
3687	2	3
3688	2	1
3689	4	1
3690	2	1
3691	3	2
3692	3	2
3693	2	3
3694	1	4
3695	1	4
3696	4	1
3697	0	0
3698	4	1
3699	4	1
3700	0	0
3701	3	2
3702	0	0
3703	4	1
3704	0	0
3705	4	1
3706	2	3
3707	1	4
3708	4	1
3709	2	3
3710	2	3
3711	0	0
3712	1	4
3713	3	2
3714	3	2
3715	0	0
3716	2	3
3717	2	3
3718	2	3
3719	0	0
3720	3	2
3721	3	2
3722	0	0
3723	1	4
3724	1	4
3725	0	1
3726	0	0
3727	1	4
3728	3	2
3729	4	1
3730	2	1
3731	3	2
3732	1	4
3733	1	4
3734	2	3
3735	0	0
3736	2	1
3737	3	2
3738	4	1
3739	4	1
3740	0	0
3741	4	1
3742	1	4
3743	0	0
3744	2	3
3745	0	0
3746	1	4
3747	4	2
3748	4	1
3749	0	0
3750	1	4
3751	0	0
3752	2	3
3753	2	3
3754	1	3
3755	0	0
3756	2	3
3757	2	3
3758	2	3
3759	4	1
3760	2	3
3761	1	4
3762	1	4
3763	1	4
3764	3	2
3765	0	0
3766	2	1
3767	4	1
3768	2	4
3769	2	0
3770	0	0
3771	2	3
3772	2	3
3773	0	0
3774	0	0
3775	1	4
3776	1	4
3777	0	4
3778	2	3
3779	3	2
3780	2	3
3781	3	2
3782	4	1
3783	2	3
3784	0	0
3785	1	4
3786	2	3
3787	1	4
3788	0	0
3789	1	4
3790	2	3
3791	3	2
3792	0	0
3793	4	1
3794	1	4
3795	2	3
3796	2	3
3797	2	3
3798	4	1
3799	2	1
3800	2	1
3801	0	0
3802	1	4
3803	1	4
3804	1	4
3805	2	3
3806	2	4
3807	2	3
3808	1	4
3809	1	4
3810	2	1
3811	2	1
3812	0	0
3813	4	1
3814	2	3
3815	4	1
3816	2	3
3817	2	1
3818	2	1
3819	0	1
3820	4	1
3821	0	0
3822	3	2
3823	3	2
3824	4	1
3825	1	4
3826	1	4
3827	0	0
3828	2	3
3829	0	0
3830	2	3
3831	3	2
3832	0	0
3833	3	2
3834	2	3
3835	4	1
3836	1	3
3837	4	1
3838	2	3
3839	1	4
3840	0	1
3841	2	3
3842	3	2
3843	1	4
3844	2	3
3845	0	0
3846	0	0
3847	2	3
3848	4	1
3849	2	1
3850	0	0
3851	4	1
3852	3	2
3853	2	3
3854	2	3
3855	2	3
3856	1	4
3857	3	2
3858	0	0
3859	4	1
3860	3	2
3861	1	4
3862	2	1
3863	4	1
3864	2	3
3865	2	3
3866	2	3
3867	2	3
3868	4	1
3869	4	1
3870	0	0
3871	2	3
3872	4	3
3873	2	3
3874	0	0
3875	4	1
3876	2	1
3877	4	1
3878	0	0
3879	4	1
3880	2	3
3881	2	3
3882	0	0
3883	1	4
3884	1	4
3885	2	3
3886	0	0
3887	1	4
3888	3	2
3889	3	2
3890	4	1
3891	2	3
3892	3	2
3893	1	4
3894	2	3
3895	0	0
3896	2	3
3897	1	3
3898	4	1
3899	2	1
3900	1	4
3901	3	2
3902	4	2
3903	3	2
3904	0	0
3905	2	3
3906	3	2
3907	3	2
3908	4	1
3909	2	1
3910	3	2
3911	1	4
3912	1	4
3913	2	1
3914	4	2
3915	3	2
3916	2	3
3917	2	3
3918	3	2
3919	0	0
3920	1	4
3921	3	2
3922	3	2
3923	2	3
3924	1	4
3925	1	4
3926	2	3
3927	3	2
3928	2	3
3929	0	0
3930	3	2
3931	3	2
3932	2	3
3933	4	1
3934	2	1
3935	2	3
3936	0	0
3937	4	1
3938	2	1
3939	4	1
3940	0	0
3941	4	1
3942	2	3
3943	2	3
3944	2	3
3945	2	3
3946	4	1
3947	4	2
3948	2	1
3949	2	3
3950	2	3
3951	1	4
3952	4	1
3953	0	0
3954	0	0
3955	2	3
3956	2	1
3957	4	1
3958	2	3
3959	1	4
3960	2	3
3961	4	1
3962	4	1
3963	1	4
3964	0	0
3965	0	0
3966	1	4
3967	0	0
3968	3	2
3969	4	1
3970	1	4
3971	0	0
3972	3	2
3973	2	3
3974	3	2
3975	4	1
3976	2	3
3977	0	0
3978	0	0
3979	3	2
3980	2	3
3981	0	0
3982	1	4
3983	0	0
3984	3	2
3985	3	2
3986	1	4
3987	2	0
3988	4	1
3989	4	1
3990	4	3
3991	2	3
3992	0	0
3993	1	4
3994	1	4
3995	0	0
3996	2	3
3997	0	1
3998	0	0
3999	1	4
4000	2	1
4001	4	1
4002	4	1
4003	0	0
4004	2	3
4005	0	0
4006	2	3
4007	2	3
4008	2	4
4009	4	1
4010	1	4
4011	2	3
4012	2	3
4013	2	1
4014	2	3
4015	2	3
4016	0	0
4017	1	4
4018	4	1
4019	4	1
4020	1	4
4021	0	0
4022	1	4
4023	4	1
4024	2	3
4025	2	3
4026	1	3
4027	3	2
4028	0	0
4029	3	2
4030	3	2
4031	2	3
4032	2	3
4033	1	4
4034	1	4
4035	2	4
4036	0	0
4037	0	0
4038	4	1
4039	2	3
4040	0	0
4041	0	0
4042	1	3
4043	2	3
4044	1	3
4045	4	1
4046	2	3
4047	4	1
4048	0	0
4049	4	1
4050	0	0
4051	4	1
4052	2	1
4053	0	0
4054	2	1
4055	1	4
4056	3	2
4057	1	4
4058	0	0
4059	0	0
4060	0	0
4061	3	2
4062	1	4
4063	2	3
4064	1	4
4065	0	0
4066	0	0
4067	2	1
4068	0	0
4069	0	0
4070	4	1
4071	4	1
4072	2	3
4073	0	0
4074	4	1
4075	4	1
4076	0	0
4077	0	0
4078	4	1
4079	3	2
4080	1	4
4081	1	4
4082	3	2
4083	0	0
4084	1	4
4085	3	2
4086	1	4
4087	1	4
4088	1	4
4089	1	4
4090	4	1
4091	2	3
4092	4	1
4093	3	2
4094	4	1
4095	2	3
4096	3	2
4097	4	1
4098	2	1
4099	0	0
4100	2	3
4101	1	4
4102	2	1
4103	1	4
4104	2	3
4105	4	1
4106	1	4
4107	3	2
4108	1	3
4109	2	1
4110	3	2
4111	0	0
4112	2	3
4113	0	0
4114	2	1
4115	1	4
4116	2	3
4117	4	1
4118	1	4
4119	0	0
4120	1	4
4121	1	4
4122	1	4
4123	1	4
4124	1	3
4125	1	3
4126	1	4
4127	2	3
4128	0	0
4129	3	2
4130	2	3
4131	1	4
4132	1	4
4133	0	0
4134	0	0
4135	1	4
4136	0	0
4137	4	1
4138	4	1
4139	2	3
4140	3	2
4141	4	2
4142	2	1
4143	1	4
4144	1	4
4145	2	4
4146	1	4
4147	4	1
4148	4	1
4149	2	3
4150	1	4
4151	2	1
4152	2	1
4153	2	3
4154	2	1
4155	2	3
4156	4	1
4157	3	2
4158	2	0
4159	4	1
4160	4	1
4161	2	3
4162	3	2
4163	4	1
4164	0	0
4165	0	0
4166	2	3
4167	4	1
4168	2	3
4169	3	2
4170	2	0
4171	2	3
4172	0	1
4173	2	3
4174	0	0
4175	4	1
4176	0	1
4177	0	0
4178	2	3
4179	1	4
4180	1	4
4181	1	3
4182	2	3
4183	4	1
4184	2	1
4185	2	4
4186	2	3
4187	4	1
4188	2	3
4189	4	1
4190	4	1
4191	4	1
4192	0	0
4193	1	3
4194	1	4
4195	4	1
4196	2	3
4197	1	4
4198	4	2
4199	1	4
4200	2	3
4201	1	4
4202	3	2
4203	2	4
4204	2	3
4205	1	4
4206	0	0
4207	0	0
4208	4	1
4209	2	1
4210	0	0
4211	2	3
4212	2	1
4213	1	4
4214	0	0
4215	0	0
4216	3	2
4217	1	4
4218	2	3
4219	2	3
4220	1	4
4221	3	2
4222	3	2
4223	0	0
4224	2	3
4225	0	0
4226	0	0
4227	1	4
4228	0	0
4229	4	1
4230	4	1
4231	2	3
4232	2	1
4233	0	0
4234	0	1
4235	2	4
4236	1	4
4237	3	2
4238	3	2
4239	4	1
4240	3	2
4241	0	0
4242	3	2
4243	2	3
4244	2	3
4245	3	2
4246	2	1
4247	4	1
4248	0	0
4249	3	2
4250	2	3
4251	0	0
4252	4	1
4253	4	1
4254	0	0
4255	2	3
4256	3	2
4257	3	2
4258	4	1
4259	1	4
4260	2	1
4261	3	2
4262	2	3
4263	2	3
4264	0	1
4265	4	1
4266	4	1
4267	4	1
4268	2	3
4269	0	0
4270	0	2
4271	3	2
4272	1	4
4273	3	2
4274	0	0
4275	0	0
4276	3	2
4277	0	0
4278	2	1
4279	1	4
4280	2	3
4281	0	0
4282	1	4
4283	2	3
4284	1	4
4285	4	1
4286	2	4
4287	0	0
4288	1	4
4289	2	1
4290	4	1
4291	0	0
4292	2	3
4293	2	4
4294	4	1
4295	4	1
4296	0	0
4297	1	4
4298	0	0
4299	2	3
4300	3	2
4301	2	3
4302	1	4
4303	0	0
4304	1	4
4305	2	3
4306	4	1
4307	2	3
4308	4	1
4309	1	3
4310	2	3
4311	4	1
4312	2	1
4313	0	0
4314	1	4
4315	0	0
4316	3	2
4317	1	4
4318	2	3
4319	0	0
4320	0	0
4321	4	1
4322	3	2
4323	1	4
4324	1	4
4325	2	3
4326	0	0
4327	1	4
4328	1	4
4329	3	2
4330	0	0
4331	0	0
4332	0	0
4333	1	4
4334	0	0
4335	0	0
4336	1	4
4337	4	1
4338	4	1
4339	0	0
4340	0	0
4341	2	1
4342	2	3
4343	0	1
4344	4	1
4345	2	3
4346	4	1
4347	4	1
4348	3	2
4349	1	4
4350	2	3
4351	0	0
4352	1	4
4353	4	1
4354	1	4
4355	3	2
4356	2	1
4357	0	0
4358	0	0
4359	4	1
4360	2	4
4361	2	1
4362	2	3
4363	2	3
4364	0	0
4365	1	3
4366	4	1
4367	2	3
4368	4	1
4369	0	0
4370	4	1
4371	0	0
4372	3	2
4373	0	0
4374	0	0
4375	3	2
4376	2	3
4377	1	4
4378	2	3
4379	2	3
4380	0	0
4381	4	1
4382	2	3
4383	2	3
4384	2	3
4385	0	0
4386	0	0
4387	3	2
4388	3	2
4389	2	3
4390	4	1
4391	2	3
4392	2	3
4393	2	3
4394	1	4
4395	2	3
4396	0	0
4397	0	0
4398	4	1
4399	2	4
4400	1	4
4401	3	2
4402	3	2
4403	2	3
4404	1	4
4405	2	0
4406	4	1
4407	0	0
4408	1	4
4409	0	1
4410	1	4
4411	2	3
4412	0	0
4413	1	4
4414	1	3
4415	1	4
4416	3	2
4417	2	3
4418	3	2
4419	4	1
4420	4	1
4421	2	3
4422	2	3
4423	2	3
4424	0	0
4425	1	4
4426	1	4
4427	0	0
4428	2	3
4429	2	3
4430	4	1
4431	3	2
4432	4	1
4433	2	3
4434	2	3
4435	3	2
4436	4	1
4437	2	3
4438	2	3
4439	1	3
4440	2	1
4441	1	4
4442	4	1
4443	2	1
4444	4	1
4445	0	0
4446	4	1
4447	1	3
4448	4	2
4449	4	1
4450	1	4
4451	2	3
4452	4	1
4453	0	0
4454	4	1
4455	0	0
4456	2	3
4457	0	0
4458	4	1
4459	1	4
4460	2	3
4461	0	0
4462	2	3
4463	2	3
4464	1	4
4465	4	3
4466	3	2
4467	1	4
4468	3	2
4469	0	0
4470	3	2
4471	3	2
4472	4	1
4473	4	1
4474	0	0
4475	1	4
4476	0	0
4477	0	0
4478	1	4
4479	1	4
4480	3	2
4481	2	3
4482	1	4
4483	2	4
4484	2	3
4485	0	0
4486	1	4
4487	0	0
4488	2	3
4489	3	2
4490	0	0
4491	2	3
4492	0	0
4493	1	4
4494	2	3
4495	1	4
4496	0	0
4497	1	4
4498	0	0
4499	1	4
4500	3	2
4501	0	0
4502	4	1
4503	3	2
4504	4	1
4505	1	4
4506	0	0
4507	0	0
4508	0	0
4509	1	4
4510	1	3
4511	2	3
4512	0	0
4513	2	1
4514	0	0
4515	2	3
4516	2	3
4517	0	0
4518	3	2
4519	2	4
4520	0	2
4521	2	1
4522	2	3
4523	0	0
4524	4	1
4525	4	1
4526	4	1
4527	4	1
4528	1	4
4529	1	4
4530	1	4
4531	2	1
4532	1	4
4533	2	0
4534	2	1
4535	2	3
4536	1	4
4537	1	4
4538	1	4
4539	0	0
4540	3	2
4541	0	0
4542	1	4
4543	0	0
4544	0	0
4545	0	0
4546	2	3
4547	1	3
4548	1	4
4549	2	3
4550	1	4
4551	3	2
4552	3	2
4553	0	0
4554	0	0
4555	0	0
4556	4	2
4557	0	0
4558	1	4
4559	3	2
4560	0	0
4561	4	1
4562	2	3
4563	3	2
4564	3	2
4565	2	3
4566	0	0
4567	3	2
4568	4	1
4569	3	2
4570	1	4
4571	0	0
4572	2	1
4573	3	2
4574	0	0
4575	0	2
4576	0	0
4577	0	0
4578	1	4
4579	1	4
4580	2	3
4581	4	1
4582	0	0
4583	2	3
4584	1	4
4585	2	3
4586	0	0
4587	2	0
4588	4	1
4589	2	3
4590	2	3
4591	2	3
4592	4	1
4593	4	1
4594	0	0
4595	2	3
4596	2	3
4597	3	2
4598	4	1
4599	3	2
4600	2	3
4601	3	2
4602	4	1
4603	1	4
4604	2	3
4605	2	0
4606	1	4
4607	2	3
4608	1	4
4609	0	0
4610	2	3
4611	0	0
4612	0	0
4613	2	3
4614	1	4
4615	2	1
4616	0	0
4617	3	2
4618	0	0
4619	0	0
4620	2	3
4621	4	1
4622	3	2
4623	0	0
4624	1	4
4625	2	3
4626	4	1
4627	4	1
4628	1	4
4629	4	1
4630	3	2
4631	0	0
4632	2	3
4633	1	4
4634	4	1
4635	1	4
4636	4	1
4637	2	3
4638	4	1
4639	4	1
4640	1	3
4641	1	4
4642	2	3
4643	0	0
4644	2	3
4645	3	2
4646	3	2
4647	1	4
4648	4	1
4649	3	2
4650	1	4
4651	1	3
4652	1	4
4653	0	0
4654	2	3
4655	0	0
4656	1	4
4657	4	1
4658	3	2
4659	2	3
4660	2	3
4661	1	4
4662	1	4
4663	1	4
4664	1	4
4665	0	0
4666	4	1
4667	2	3
4668	4	1
4669	0	0
4670	0	0
4671	4	2
4672	2	3
4673	1	4
4674	2	3
4675	0	0
4676	1	4
4677	0	0
4678	2	3
4679	2	3
4680	0	0
4681	1	3
4682	3	2
4683	3	2
4684	0	0
4685	2	3
4686	2	3
4687	1	4
4688	1	4
4689	3	2
4690	0	0
4691	0	0
4692	4	1
4693	4	1
4694	2	3
4695	2	1
4696	2	3
4697	3	2
4698	2	3
4699	3	2
4700	1	4
4701	2	4
4702	3	2
4703	2	3
4704	4	1
4705	1	4
4706	4	1
4707	4	1
4708	0	0
4709	2	1
4710	2	3
4711	0	0
4712	1	4
4713	0	0
4714	1	4
4715	2	4
4716	4	1
4717	0	0
4718	3	2
4719	1	4
4720	1	4
4721	3	2
4722	3	2
4723	0	0
4724	3	2
4725	1	4
4726	3	2
4727	4	1
4728	4	1
4729	1	4
4730	2	3
4731	1	4
4732	1	4
4733	2	3
4734	0	0
4735	2	4
4736	0	1
4737	2	3
4738	0	0
4739	2	1
4740	2	3
4741	1	4
4742	0	0
4743	0	0
4744	4	1
4745	1	4
4746	0	0
4747	0	1
4748	3	2
4749	4	1
4750	4	2
4751	4	1
4752	2	1
4753	2	3
4754	0	0
4755	2	3
4756	2	1
4757	0	0
4758	2	0
4759	3	2
4760	4	1
4761	0	0
4762	4	1
4763	2	3
4764	3	2
4765	3	2
4766	3	2
4767	4	1
4768	0	0
4769	1	4
4770	0	0
4771	2	3
4772	4	1
4773	2	3
4774	0	0
4775	0	0
4776	0	0
4777	2	3
4778	0	0
4779	0	0
4780	0	0
4781	0	0
4782	0	0
4783	4	1
4784	4	1
4785	4	1
4786	1	4
4787	4	1
4788	2	3
4789	0	1
4790	1	4
4791	4	1
4792	1	4
4793	4	1
4794	0	0
4795	2	3
4796	2	3
4797	4	1
4798	4	1
4799	1	4
4800	2	3
4801	2	3
4802	4	1
4803	1	4
4804	4	1
4805	2	3
4806	4	1
4807	0	0
4808	4	1
4809	4	2
4810	2	3
4811	1	4
4812	0	0
4813	1	4
4814	1	4
4815	4	1
4816	2	3
4817	2	1
4818	0	0
4819	0	0
4820	1	4
4821	2	1
4822	4	1
4823	0	0
4824	2	3
4825	2	3
4826	4	1
4827	1	4
4828	3	2
4829	0	0
4830	2	3
4831	2	3
4832	2	3
4833	1	4
4834	0	0
4835	2	3
4836	1	4
4837	1	4
4838	2	3
4839	4	1
4840	2	3
4841	3	2
4842	1	4
4843	0	0
4844	2	3
4845	3	2
4846	4	1
4847	0	0
4848	0	0
4849	1	4
4850	2	3
4851	3	2
4852	0	0
4853	4	1
4854	2	3
4855	3	2
4856	0	0
4857	2	3
4858	0	0
4859	1	4
4860	0	0
4861	0	0
4862	4	1
4863	4	1
4864	2	1
4865	4	1
4866	0	0
4867	0	0
4868	2	1
4869	1	4
4870	2	1
4871	1	4
4872	2	3
4873	2	3
4874	2	3
4875	1	3
4876	1	4
4877	1	4
4878	1	4
4879	1	4
4880	1	4
4881	2	3
4882	4	3
4883	4	1
4884	2	3
4885	1	4
4886	2	3
4887	0	0
4888	0	0
4889	2	0
4890	1	4
4891	4	1
4892	3	2
4893	2	3
4894	4	1
4895	4	1
4896	1	4
4897	3	2
4898	4	1
4899	4	1
4900	1	3
4901	0	0
4902	0	0
4903	0	2
4904	2	3
4905	2	3
4906	3	2
4907	1	4
4908	2	3
4909	1	4
4910	1	4
4911	4	1
4912	1	4
4913	0	0
4914	0	0
4915	2	3
4916	3	2
4917	0	0
4918	1	4
4919	4	1
4920	2	3
4921	1	4
4922	0	0
4923	2	3
4924	0	0
4925	1	4
4926	2	3
4927	2	3
4928	0	0
4929	0	0
4930	1	4
4931	4	2
4932	1	4
4933	1	4
4934	1	4
4935	3	2
4936	2	3
4937	0	0
4938	2	3
4939	4	1
4940	1	4
4941	3	2
4942	4	1
4943	4	1
4944	2	3
4945	2	4
4946	1	4
4947	2	3
4948	1	4
4949	2	1
4950	1	4
4951	2	3
4952	4	1
4953	0	0
4954	0	1
4955	4	2
4956	2	3
4957	3	2
4958	0	0
4959	2	4
4960	0	0
4961	4	1
4962	1	4
4963	4	1
4964	4	1
4965	0	0
4966	1	4
4967	1	4
4968	2	3
4969	2	3
4970	2	1
4971	4	1
4972	0	0
4973	3	2
4974	0	0
4975	0	0
4976	4	1
4977	2	3
4978	2	3
4979	0	0
4980	2	3
4981	1	4
4982	3	2
4983	0	0
4984	1	4
4985	3	2
4986	1	4
4987	2	1
4988	2	3
4989	0	1
4990	4	1
4991	0	0
4992	0	0
4993	0	0
4994	3	2
4995	4	1
4996	2	3
4997	0	0
4998	4	1
4999	1	4
5000	1	4
5001	0	0
5002	4	1
5003	2	3
5004	2	3
5005	1	4
5006	4	1
5007	1	4
5008	1	4
5009	0	0
5010	1	4
5011	0	0
5012	4	1
5013	0	0
5014	3	2
5015	3	2
5016	1	4
5017	1	3
5018	1	4
5019	2	3
5020	4	1
5021	2	3
5022	2	4
5023	0	0
5024	2	1
5025	1	4
5026	1	4
5027	4	1
5028	4	2
5029	2	4
5030	3	2
5031	0	0
5032	1	4
5033	0	0
5034	1	4
5035	2	3
5036	2	3
5037	3	2
5038	1	4
5039	2	3
5040	2	3
5041	1	4
5042	1	4
5043	2	3
5044	1	4
5045	1	4
5046	2	3
5047	0	0
5048	0	0
5049	4	1
5050	3	2
5051	2	3
5052	0	0
5053	4	1
5054	4	1
5055	1	4
5056	0	0
5057	0	1
5058	4	1
5059	1	4
5060	2	1
5061	2	3
5062	1	3
5063	0	0
5064	1	4
5065	2	1
5066	1	4
5067	2	3
5068	1	4
5069	2	4
5070	0	0
5071	4	1
5072	4	1
5073	3	2
5074	2	3
5075	2	1
5076	4	1
5077	4	2
5078	0	0
5079	0	0
5080	2	3
5081	2	3
5082	2	3
5083	3	2
5084	1	4
5085	2	3
5086	3	2
5087	2	3
5088	1	4
5089	0	0
5090	0	0
5091	0	0
5092	4	1
5093	0	0
5094	3	2
5095	4	1
5096	1	4
5097	1	4
5098	0	0
5099	0	0
5100	2	3
5101	4	1
5102	1	3
5103	3	2
5104	0	0
5105	4	1
5106	1	4
5107	2	3
5108	2	3
5109	2	3
5110	4	1
5111	1	4
5112	2	3
5113	4	1
5114	2	3
5115	0	0
5116	1	4
5117	2	0
5118	1	4
5119	3	2
5120	0	0
5121	1	4
5122	4	1
5123	2	1
5124	1	4
5125	0	0
5126	1	4
5127	1	4
5128	3	2
5129	1	4
5130	3	2
5131	2	3
5132	3	2
5133	0	0
5134	0	0
5135	1	3
5136	3	2
5137	1	3
5138	0	0
5139	2	3
5140	2	3
5141	2	1
5142	2	1
5143	0	0
5144	2	3
5145	0	0
5146	3	2
5147	1	4
5148	1	4
5149	2	3
5150	2	3
5151	1	4
5152	4	1
5153	4	3
5154	3	2
5155	0	0
5156	1	4
5157	1	3
5158	4	1
5159	1	4
5160	2	1
5161	2	4
5162	2	3
5163	3	2
5164	3	2
5165	2	4
5166	1	4
5167	2	4
5168	0	0
5169	1	3
5170	4	2
5171	3	2
5172	0	0
5173	3	2
5174	4	1
5175	2	3
5176	1	4
5177	4	1
5178	0	0
5179	0	0
5180	4	1
5181	0	0
5182	1	4
5183	0	0
5184	1	4
5185	0	0
5186	4	1
5187	3	2
5188	3	2
5189	1	4
5190	2	3
5191	3	2
5192	0	0
5193	4	1
5194	2	3
5195	3	2
5196	0	0
5197	4	1
5198	0	0
5199	2	3
5200	1	4
5201	1	4
5202	2	3
5203	0	0
5204	1	4
5205	0	0
5206	1	4
5207	3	2
5208	1	4
5209	1	4
5210	0	0
5211	1	4
5212	2	1
5213	0	0
5214	4	1
5215	2	3
5216	3	2
5217	0	0
5218	2	3
5219	4	1
5220	2	3
5221	3	2
5222	0	0
5223	2	3
5224	1	4
5225	1	4
5226	4	1
5227	1	4
5228	0	0
5229	4	1
5230	1	4
5231	2	3
5232	2	3
5233	3	2
5234	0	0
5235	2	3
5236	0	0
5237	2	3
5238	2	1
5239	4	1
5240	2	3
5241	1	4
5242	2	1
5243	1	4
5244	0	0
5245	0	0
5246	2	3
5247	4	1
5248	1	4
5249	4	1
5250	4	2
5251	2	1
5252	4	1
5253	0	0
5254	4	1
5255	2	3
5256	1	4
5257	3	2
5258	0	1
5259	0	0
5260	1	4
5261	2	4
5262	0	0
5263	2	3
5264	1	4
5265	1	4
5266	2	3
5267	2	1
5268	3	2
5269	0	0
5270	2	3
5271	3	2
5272	2	3
5273	0	0
5274	2	3
5275	0	0
5276	0	0
5277	1	4
5278	0	0
5279	4	1
5280	2	3
5281	4	1
5282	0	0
5283	3	2
5284	0	0
5285	4	1
5286	0	0
5287	4	1
5288	2	3
5289	2	3
5290	2	3
5291	4	1
5292	2	4
5293	4	1
5294	4	1
5295	0	0
5296	2	3
5297	2	3
5298	1	4
5299	2	3
5300	0	0
5301	0	0
5302	2	1
5303	2	0
5304	3	2
5305	0	2
5306	2	1
5307	4	1
5308	2	3
5309	2	3
5310	4	1
5311	3	2
5312	3	2
5313	1	4
5314	2	3
5315	3	2
5316	3	2
5317	0	0
5318	1	4
5319	2	3
5320	0	0
5321	3	2
5322	3	2
5323	2	0
5324	3	2
5325	4	1
5326	4	1
5327	3	2
5328	3	2
5329	4	2
5330	0	0
5331	0	2
5332	0	0
5333	4	1
5334	0	0
5335	2	4
5336	4	1
5337	1	4
5338	1	4
5339	4	1
5340	1	3
5341	2	0
5342	2	3
5343	4	2
5344	1	4
5345	2	3
5346	0	0
5347	0	0
5348	0	0
5349	4	1
5350	2	1
5351	2	3
5352	0	0
5353	4	1
5354	4	2
5355	1	4
5356	4	1
5357	2	3
5358	0	0
5359	2	3
5360	0	2
5361	2	3
5362	0	0
5363	4	1
5364	2	3
5365	0	0
5366	0	0
5367	2	4
5368	0	0
5369	2	3
5370	3	2
5371	0	0
5372	2	3
5373	0	0
5374	2	3
5375	1	4
5376	4	1
5377	3	2
5378	0	0
5379	1	3
5380	1	4
5381	1	4
5382	2	3
5383	4	1
5384	2	3
5385	2	3
5386	2	3
5387	0	1
5388	0	0
5389	2	3
5390	2	3
5391	4	1
5392	4	1
5393	2	3
5394	2	3
5395	0	0
5396	4	1
5397	0	0
5398	4	1
5399	2	1
5400	0	0
5401	0	0
5402	1	4
5403	1	4
5404	4	1
5405	1	4
5406	3	2
5407	4	1
5408	0	0
5409	2	4
5410	2	1
5411	2	3
5412	0	0
5413	3	2
5414	1	4
5415	0	0
5416	2	0
5417	2	1
5418	1	4
5419	2	1
5420	0	0
5421	4	1
5422	2	3
5423	2	3
5424	1	3
5425	2	3
5426	4	1
5427	1	4
5428	0	0
5429	2	3
5430	4	1
5431	0	0
5432	3	2
5433	2	3
5434	4	1
5435	2	3
5436	3	2
5437	0	0
5438	0	0
5439	2	3
5440	4	2
5441	3	2
5442	1	4
5443	1	4
5444	3	2
5445	1	4
5446	1	4
5447	1	4
5448	2	1
5449	0	1
5450	0	0
5451	3	2
5452	2	3
5453	0	0
5454	0	0
5455	4	1
5456	2	3
5457	3	2
5458	2	1
5459	4	1
5460	0	4
5461	4	1
5462	4	2
5463	2	3
5464	3	2
5465	0	0
5466	4	1
5467	2	3
5468	3	2
5469	1	4
5470	0	0
5471	4	1
5472	3	2
5473	2	4
5474	1	4
5475	4	1
5476	0	0
5477	0	0
5478	0	0
5479	2	3
5480	0	0
5481	0	0
5482	4	1
5483	3	2
5484	4	1
5485	0	0
5486	4	1
5487	0	0
5488	2	1
5489	1	4
5490	1	4
5491	2	3
5492	2	3
5493	1	4
5494	1	4
5495	0	0
5496	0	0
5497	1	4
5498	0	0
5499	0	0
5500	2	3
5501	2	3
5502	2	0
5503	2	3
5504	1	4
5505	4	1
5506	3	2
5507	1	4
5508	2	0
5509	2	3
5510	1	4
5511	3	2
5512	2	3
5513	1	3
5514	2	3
5515	2	3
5516	0	0
5517	2	3
5518	4	1
5519	1	4
5520	0	0
5521	1	4
5522	1	4
5523	0	0
5524	0	0
5525	2	3
5526	2	3
5527	1	4
5528	4	1
5529	0	0
5530	0	0
5531	4	1
5532	2	3
5533	0	0
5534	4	1
5535	2	1
5536	4	1
5537	2	3
5538	4	1
5539	2	3
5540	3	2
5541	3	2
5542	4	1
5543	4	1
5544	2	3
5545	1	4
5546	3	2
5547	1	4
5548	1	3
5549	3	2
5550	2	3
5551	0	0
5552	2	1
5553	1	4
5554	4	1
5555	2	3
5556	2	3
5557	0	0
5558	1	4
5559	0	0
5560	4	1
5561	2	3
5562	0	0
5563	0	0
5564	4	1
5565	1	4
5566	0	0
5567	3	2
5568	2	3
5569	3	2
5570	4	1
5571	4	1
5572	1	4
5573	0	0
5574	1	4
5575	2	1
5576	2	3
5577	2	3
5578	2	3
5579	1	4
5580	3	2
5581	2	3
5582	1	4
5583	2	3
5584	3	2
5585	0	0
5586	4	1
5587	2	3
5588	1	4
5589	3	2
5590	1	4
5591	3	2
5592	1	4
5593	2	3
5594	4	1
5595	1	4
5596	2	3
5597	4	1
5598	2	3
5599	2	3
5600	0	0
5601	2	3
5602	0	0
5603	2	3
5604	4	1
5605	0	0
5606	4	1
5607	0	0
5608	2	1
5609	4	1
5610	1	4
5611	3	2
5612	2	3
5613	4	2
5614	3	2
5615	2	0
5616	2	3
5617	4	1
5618	1	4
5619	1	4
5620	4	1
5621	0	0
5622	0	0
5623	0	0
5624	2	3
5625	4	1
5626	2	3
5627	2	3
5628	0	0
5629	4	1
5630	0	0
5631	2	3
5632	0	0
5633	2	1
5634	2	3
5635	0	0
5636	1	4
5637	0	0
5638	2	3
5639	2	1
5640	0	0
5641	2	1
5642	4	1
5643	0	0
5644	1	4
5645	1	4
5646	2	3
5647	2	3
5648	4	1
5649	0	0
5650	0	0
5651	2	3
5652	2	3
5653	4	2
5654	0	0
5655	2	3
5656	1	4
5657	2	3
5658	0	0
5659	1	4
5660	0	0
5661	1	4
5662	0	0
5663	3	2
5664	1	4
5665	3	2
5666	0	0
5667	0	0
5668	0	0
5669	2	3
5670	2	3
5671	0	0
5672	0	0
5673	1	4
5674	0	0
5675	3	2
5676	2	3
5677	1	4
5678	4	3
5679	4	1
5680	4	1
5681	2	3
5682	2	1
5683	2	3
5684	1	4
5685	3	2
5686	1	4
5687	3	2
5688	0	0
5689	1	4
5690	1	4
5691	4	2
5692	0	0
5693	0	0
5694	4	1
5695	1	3
5696	2	3
5697	4	1
5698	1	4
5699	3	2
5700	4	1
5701	0	0
5702	3	2
5703	2	3
5704	2	3
5705	1	4
5706	2	3
5707	4	1
5708	2	3
5709	2	3
5710	2	3
5711	2	3
5712	2	3
5713	4	1
5714	4	1
5715	1	4
5716	1	4
5717	3	2
5718	1	4
5719	2	3
5720	4	1
5721	0	0
5722	1	4
5723	2	3
5724	1	4
5725	1	4
5726	2	3
5727	2	3
5728	3	2
5729	1	4
5730	0	0
5731	1	3
5732	0	0
5733	4	1
5734	0	0
5735	2	1
5736	2	3
5737	0	0
5738	3	2
5739	1	4
5740	1	4
5741	2	3
5742	2	1
5743	0	0
5744	4	1
5745	2	3
5746	1	4
5747	2	3
5748	2	3
5749	2	3
5750	0	0
5751	1	4
5752	3	2
5753	2	3
5754	4	1
5755	1	4
5756	1	4
5757	0	0
5758	3	2
5759	4	1
5760	1	4
5761	3	2
5762	3	2
5763	2	3
5764	4	1
5765	3	2
5766	1	4
5767	2	3
5768	1	4
5769	4	1
5770	2	3
5771	1	4
5772	1	4
5773	0	0
5774	4	1
5775	3	2
5776	4	1
5777	2	3
5778	2	3
5779	0	0
5780	2	3
5781	1	4
5782	0	0
5783	3	2
5784	0	1
5785	2	3
5786	1	4
5787	3	2
5788	4	1
5789	2	3
5790	4	1
5791	2	3
5792	4	1
5793	0	0
5794	0	0
5795	0	0
5796	4	1
5797	2	3
5798	4	1
5799	0	0
5800	2	3
5801	0	0
5802	4	1
5803	3	2
5804	2	3
5805	2	3
5806	0	0
5807	0	0
5808	1	4
5809	2	1
5810	1	4
5811	2	3
5812	2	3
5813	0	0
5814	3	2
5815	2	3
5816	2	1
5817	3	2
5818	2	3
5819	4	1
5820	3	2
5821	2	4
5822	2	3
5823	4	1
5824	2	3
5825	2	3
5826	1	4
5827	0	0
5828	4	1
5829	2	1
5830	2	3
5831	2	3
5832	1	4
5833	1	4
5834	3	2
5835	0	0
5836	3	2
5837	2	3
5838	0	0
5839	0	0
5840	4	3
5841	2	3
5842	3	2
5843	3	2
5844	2	1
5845	2	1
5846	4	1
5847	4	2
5848	2	3
5849	0	0
5850	2	3
5851	2	1
5852	3	2
5853	1	4
5854	4	1
5855	3	2
5856	4	1
5857	2	3
5858	2	3
5859	2	3
5860	1	4
5861	2	1
5862	4	1
5863	1	4
5864	3	2
5865	0	0
5866	0	0
5867	3	2
5868	0	0
5869	0	0
5870	4	1
5871	3	2
5872	4	1
5873	3	2
5874	3	2
5875	3	2
5876	1	4
5877	1	4
5878	1	3
5879	1	4
5880	2	3
5881	0	0
5882	2	3
5883	3	2
5884	0	0
5885	3	2
5886	1	4
5887	1	4
5888	3	2
5889	2	3
5890	0	0
5891	3	2
5892	1	4
5893	3	2
5894	2	3
5895	2	3
5896	4	1
5897	2	3
5898	0	0
5899	2	3
5900	2	3
5901	3	2
5902	2	0
5903	2	1
5904	3	2
5905	4	1
5906	0	0
5907	2	4
5908	2	1
5909	4	1
5910	4	1
5911	3	2
5912	4	1
5913	1	4
5914	2	0
5915	4	1
5916	3	2
5917	4	1
5918	3	2
5919	2	1
5920	3	2
5921	2	3
5922	2	3
5923	2	3
5924	4	1
5925	3	2
5926	2	3
5927	2	3
5928	4	1
5929	0	0
5930	2	3
5931	1	3
5932	0	0
5933	1	4
5934	2	3
5935	0	0
5936	2	3
5937	4	1
5938	3	2
5939	3	2
5940	1	4
5941	0	0
5942	2	3
5943	2	0
5944	1	4
5945	4	2
5946	2	3
5947	2	3
5948	4	1
5949	0	0
5950	2	1
5951	0	0
5952	3	2
5953	0	0
5954	3	2
5955	4	1
5956	3	2
5957	1	4
5958	0	0
5959	1	4
5960	2	1
5961	4	1
5962	1	4
5963	2	3
5964	0	0
5965	4	1
5966	4	1
5967	2	1
5968	0	0
5969	4	2
5970	0	0
5971	0	1
5972	3	2
5973	0	0
5974	0	0
5975	2	3
5976	3	2
5977	4	1
5978	3	2
5979	3	2
5980	4	1
5981	2	3
5982	4	1
5983	2	3
5984	2	3
5985	0	0
5986	0	0
5987	0	0
5988	3	2
5989	2	3
5990	3	2
5991	4	1
5992	1	4
5993	0	0
5994	0	0
5995	2	3
5996	2	3
5997	0	0
5998	1	4
5999	0	0
6000	4	1
6001	4	1
6002	0	0
6003	1	4
6004	0	0
6005	2	3
6006	0	0
6007	3	2
6008	3	2
6009	2	4
6010	0	0
6011	4	1
6012	0	0
6013	1	4
6014	4	1
6015	0	0
6016	3	2
6017	2	3
6018	2	3
6019	2	3
6020	2	0
6021	3	2
6022	4	1
6023	0	0
6024	2	3
6025	4	1
6026	1	4
6027	1	4
6028	1	4
6029	0	0
6030	2	3
6031	0	0
6032	2	3
6033	3	2
6034	4	2
6035	1	4
6036	2	1
6037	4	1
6038	0	0
6039	1	3
6040	1	4
6041	3	2
6042	2	4
6043	0	0
6044	0	0
6045	4	1
6046	1	4
6047	2	3
6048	2	3
6049	2	3
6050	3	2
6051	2	3
6052	0	0
6053	4	1
6054	4	1
6055	2	3
6056	1	3
6057	0	0
6058	2	1
6059	3	2
6060	1	4
6061	3	2
6062	0	0
6063	3	2
6064	0	0
6065	1	4
6066	2	3
6067	3	2
6068	0	0
6069	4	1
6070	2	3
6071	1	4
6072	3	2
6073	1	4
6074	2	4
6075	4	1
6076	2	1
6077	2	3
6078	0	0
6079	0	0
6080	2	3
6081	2	1
6082	4	1
6083	0	0
6084	2	3
6085	3	2
6086	1	4
6087	2	3
6088	4	1
6089	1	4
6090	3	2
6091	1	4
6092	1	4
6093	1	4
6094	4	1
6095	1	4
6096	1	4
6097	4	1
6098	4	1
6099	3	2
6100	3	2
6101	1	4
6102	2	3
6103	4	1
6104	1	4
6105	2	3
6106	2	3
6107	1	4
6108	1	3
6109	2	0
6110	2	3
6111	1	4
6112	3	2
6113	0	0
6114	2	1
6115	3	2
6116	0	0
6117	0	0
6118	1	4
6119	2	3
6120	4	1
6121	1	4
6122	2	3
6123	3	2
6124	3	2
6125	0	0
6126	2	1
6127	4	1
6128	2	3
6129	0	0
6130	2	3
6131	4	1
6132	0	0
6133	4	1
6134	0	0
6135	2	1
6136	2	0
6137	3	2
6138	0	0
6139	3	2
6140	4	1
6141	0	0
6142	3	2
6143	1	4
6144	2	3
6145	1	3
6146	1	4
6147	0	0
6148	0	1
6149	4	1
6150	0	0
6151	3	2
6152	0	0
6153	1	4
6154	1	4
6155	2	1
6156	4	1
6157	2	4
6158	1	4
6159	0	0
6160	0	0
6161	2	3
6162	2	1
6163	0	0
6164	1	4
6165	0	0
6166	3	2
6167	2	3
6168	1	4
6169	2	3
6170	4	1
6171	0	0
6172	0	0
6173	2	3
6174	3	2
6175	1	4
6176	0	0
6177	1	4
6178	4	1
6179	4	1
6180	2	3
6181	1	4
6182	0	2
6183	2	1
6184	0	0
6185	4	1
6186	0	0
6187	0	0
6188	0	0
6189	0	2
6190	3	2
6191	3	2
6192	1	4
6193	2	3
6194	1	4
6195	0	2
6196	4	1
6197	4	1
6198	2	4
6199	1	4
6200	2	3
6201	2	3
6202	2	3
6203	2	3
6204	4	1
6205	2	1
6206	2	3
6207	3	2
6208	2	3
6209	2	3
6210	0	0
6211	2	3
6212	2	3
6213	1	3
6214	2	3
6215	2	1
6216	2	3
6217	1	4
6218	4	1
6219	3	2
6220	1	4
6221	0	0
6222	2	3
6223	4	1
6224	2	3
6225	1	4
6226	3	2
6227	2	4
6228	2	3
6229	1	4
6230	1	4
6231	0	0
6232	1	4
6233	2	4
6234	4	1
6235	4	1
6236	4	1
6237	2	4
6238	0	0
6239	2	1
6240	4	1
6241	2	3
6242	4	1
6243	4	1
6244	1	4
6245	0	0
6246	2	1
6247	0	0
6248	2	3
6249	1	4
6250	3	2
6251	1	4
6252	1	4
6253	0	0
6254	1	4
6255	4	2
6256	2	3
6257	1	4
6258	2	0
6259	0	0
6260	1	4
6261	1	4
6262	3	2
6263	3	2
6264	3	2
6265	0	0
6266	1	4
6267	1	4
6268	0	0
6269	2	3
6270	2	3
6271	0	0
6272	2	1
6273	1	4
6274	4	1
6275	0	0
6276	2	3
6277	2	3
6278	1	4
6279	2	1
6280	1	4
6281	2	3
6282	2	0
6283	0	0
6284	4	1
6285	4	1
6286	3	2
6287	0	0
6288	2	1
6289	4	1
6290	2	3
6291	0	0
6292	4	1
6293	0	0
6294	4	1
6295	2	3
6296	2	1
6297	1	4
6298	2	0
6299	4	1
6300	1	4
6301	4	1
6302	2	3
6303	2	0
6304	4	1
6305	2	3
6306	4	1
6307	2	3
6308	4	1
6309	0	0
6310	0	0
6311	2	3
6312	4	2
6313	3	2
6314	2	3
6315	2	3
6316	2	3
6317	3	2
6318	0	0
6319	2	3
6320	1	4
6321	2	1
6322	3	2
6323	4	1
6324	1	4
6325	2	3
6326	0	0
6327	1	4
6328	3	2
6329	0	0
6330	2	3
6331	1	4
6332	1	3
6333	1	4
6334	1	3
6335	1	4
6336	3	2
6337	3	2
6338	1	4
6339	2	3
6340	1	4
6341	1	4
6342	3	2
6343	2	3
6344	1	4
6345	1	4
6346	0	0
6347	4	1
6348	1	3
6349	1	4
6350	2	1
6351	0	0
6352	2	3
6353	1	4
6354	4	1
6355	3	2
6356	0	0
6357	0	1
6358	2	4
6359	0	0
6360	2	0
6361	2	3
6362	0	0
6363	0	0
6364	1	4
6365	4	1
6366	2	3
6367	2	3
6368	4	1
6369	2	3
6370	3	2
6371	2	3
6372	2	3
6373	0	0
6374	3	2
6375	1	4
6376	3	2
6377	2	3
6378	1	4
6379	4	1
6380	4	1
6381	3	2
6382	3	2
6383	1	4
6384	4	1
6385	2	3
6386	4	1
6387	2	3
6388	1	4
6389	2	1
6390	3	2
6391	1	4
6392	3	2
6393	0	0
6394	2	3
6395	2	3
6396	4	1
6397	1	3
6398	1	3
6399	2	1
6400	3	2
6401	0	0
6402	1	4
6403	0	0
6404	1	4
6405	3	2
6406	1	4
6407	0	0
6408	1	4
6409	0	0
6410	4	0
6411	1	4
6412	1	4
6413	3	2
6414	2	3
6415	1	4
6416	1	4
6417	3	2
6418	2	3
6419	1	4
6420	3	2
6421	1	4
6422	2	0
6423	2	1
6424	1	4
6425	1	4
6426	0	0
6427	4	1
6428	2	3
6429	0	0
6430	4	1
6431	0	4
6432	0	0
6433	2	1
6434	1	4
6435	0	0
6436	1	4
6437	2	3
6438	0	0
6439	4	1
6440	2	3
6441	3	2
6442	4	1
6443	4	1
6444	2	1
6445	4	1
6446	2	3
6447	1	4
6448	3	2
6449	2	3
6450	4	1
6451	2	3
6452	1	4
6453	4	1
6454	1	4
6455	2	3
6456	2	4
6457	4	1
6458	4	1
6459	4	1
6460	4	2
6461	2	3
6462	0	0
6463	1	4
6464	1	4
6465	2	3
6466	3	2
6467	4	1
6468	1	4
6469	0	0
6470	4	1
6471	3	2
6472	2	1
6473	2	3
6474	2	1
6475	1	4
6476	2	3
6477	2	3
6478	2	3
6479	0	0
6480	4	1
6481	4	2
6482	2	3
6483	1	3
6484	3	2
6485	2	3
6486	2	3
6487	0	0
6488	2	3
6489	0	0
6490	2	1
6491	3	2
6492	2	3
6493	4	1
6494	1	4
6495	3	2
6496	2	3
6497	2	4
6498	2	1
6499	2	1
6500	2	1
6501	0	4
6502	4	1
6503	3	2
6504	4	1
6505	1	4
6506	3	2
6507	1	4
6508	3	2
6509	1	4
6510	2	1
6511	1	4
6512	2	3
6513	4	1
6514	0	0
6515	2	3
6516	0	0
6517	2	3
6518	4	1
6519	2	3
6520	3	2
6521	2	3
6522	1	4
6523	4	1
6524	1	4
6525	0	0
6526	2	3
6527	1	3
6528	2	3
6529	2	3
6530	1	4
6531	0	0
6532	1	4
6533	2	1
6534	3	2
6535	1	4
6536	1	3
6537	2	3
6538	0	0
6539	1	4
6540	0	0
6541	0	0
6542	1	4
6543	2	3
6544	0	0
6545	2	3
6546	2	3
6547	2	3
6548	2	3
6549	2	4
6550	0	0
6551	2	3
6552	4	1
6553	3	2
6554	1	4
6555	1	4
6556	3	2
6557	4	2
6558	1	4
6559	2	1
6560	4	1
6561	2	4
6562	0	0
6563	3	2
6564	2	3
6565	3	2
6566	1	4
6567	1	4
6568	0	1
6569	4	1
6570	2	1
6571	3	2
6572	1	3
6573	0	0
6574	1	3
6575	4	1
6576	4	1
6577	4	1
6578	3	2
6579	0	0
6580	0	0
6581	1	4
6582	4	1
6583	2	3
6584	4	1
6585	1	4
6586	1	4
6587	1	4
6588	2	3
6589	2	3
6590	0	0
6591	1	3
6592	1	4
6593	2	1
6594	2	3
6595	2	3
6596	2	3
6597	3	2
6598	3	2
6599	0	0
6600	4	1
6601	0	0
6602	1	4
6603	4	1
6604	2	1
6605	2	1
6606	2	1
6607	1	3
6608	4	2
6609	2	1
6610	0	0
6611	4	1
6612	2	1
6613	0	0
6614	3	2
6615	4	2
6616	4	1
6617	0	0
6618	0	4
6619	1	4
6620	2	3
6621	1	4
6622	2	3
6623	2	3
6624	2	3
6625	0	0
6626	3	2
6627	0	0
6628	2	3
6629	4	2
6630	1	4
6631	3	2
6632	3	2
6633	0	0
6634	1	4
6635	3	2
6636	1	3
6637	3	2
6638	4	1
6639	1	4
6640	2	1
6641	4	1
6642	1	4
6643	0	0
6644	0	0
6645	3	2
6646	0	0
6647	3	2
6648	4	1
6649	1	4
6650	4	1
6651	3	2
6652	2	3
6653	2	3
6654	1	4
6655	2	3
6656	1	4
6657	0	0
6658	1	4
6659	0	0
6660	2	0
6661	1	4
6662	0	0
6663	3	2
6664	1	4
6665	4	1
6666	2	3
6667	0	0
6668	0	0
6669	1	3
6670	2	4
6671	0	0
6672	1	4
6673	0	0
6674	1	4
6675	2	3
6676	3	2
6677	4	1
6678	0	0
6679	1	3
6680	0	0
6681	4	1
6682	2	3
6683	0	0
6684	4	1
6685	4	1
6686	2	3
6687	3	2
6688	0	0
6689	4	1
6690	3	2
6691	1	4
6692	4	1
6693	0	0
6694	2	3
6695	0	0
6696	3	2
6697	2	1
6698	2	3
6699	2	1
6700	4	1
6701	2	3
6702	0	0
6703	0	0
6704	2	3
6705	0	0
6706	0	0
6707	1	4
6708	2	4
6709	2	3
6710	4	1
6711	0	0
6712	1	3
6713	2	3
6714	2	3
6715	2	3
6716	3	2
6717	3	2
6718	0	0
6719	4	1
6720	4	1
6721	2	3
6722	1	4
6723	4	1
6724	0	0
6725	0	0
6726	4	1
6727	0	0
6728	3	2
6729	1	4
6730	2	3
6731	1	4
6732	4	2
6733	1	3
6734	1	4
6735	3	2
6736	4	1
6737	4	1
6738	2	3
6739	2	1
6740	3	2
6741	2	3
6742	1	4
6743	2	3
6744	4	1
6745	1	4
6746	0	0
6747	1	4
6748	2	3
6749	1	4
6750	2	3
6751	0	0
6752	4	1
6753	2	3
6754	2	1
6755	1	4
6756	0	0
6757	3	2
6758	2	3
6759	0	1
6760	2	1
6761	4	1
6762	0	0
6763	3	2
6764	2	3
6765	0	0
6766	1	4
6767	3	2
6768	2	3
6769	2	0
6770	1	4
6771	4	1
6772	2	3
6773	4	1
6774	0	0
6775	0	0
6776	0	0
6777	1	4
6778	1	4
6779	3	2
6780	1	4
6781	4	1
6782	2	1
6783	2	3
6784	1	4
6785	2	3
6786	3	2
6787	1	4
6788	2	3
6789	0	0
6790	1	4
6791	0	0
6792	4	1
6793	0	0
6794	4	1
6795	2	1
6796	0	0
6797	4	1
6798	1	4
6799	4	1
6800	2	3
6801	3	2
6802	0	0
6803	2	3
6804	4	1
6805	4	1
6806	0	0
6807	4	1
6808	2	3
6809	4	1
6810	1	4
6811	0	0
6812	1	4
6813	2	3
6814	2	1
6815	2	3
6816	0	0
6817	0	0
6818	4	2
6819	2	3
6820	1	4
6821	2	1
6822	0	0
6823	2	4
6824	2	3
6825	2	3
6826	2	1
6827	0	0
6828	2	3
6829	2	3
6830	2	3
6831	2	1
6832	1	4
6833	0	0
6834	2	3
6835	0	0
6836	0	0
6837	1	4
6838	2	3
6839	1	4
6840	4	2
6841	3	2
6842	1	4
6843	2	3
6844	2	1
6845	2	1
6846	4	1
6847	2	3
6848	0	0
6849	1	4
6850	0	0
6851	1	3
6852	2	3
6853	0	0
6854	2	3
6855	0	0
6856	2	3
6857	4	1
6858	0	0
6859	4	1
6860	3	2
6861	1	4
6862	0	0
6863	0	0
6864	0	0
6865	2	1
6866	2	4
6867	3	2
6868	2	3
6869	2	3
6870	0	0
6871	3	2
6872	0	0
6873	2	3
6874	2	3
6875	2	3
6876	2	3
6877	4	1
6878	2	3
6879	2	4
6880	2	3
6881	0	0
6882	0	0
6883	2	3
6884	2	3
6885	1	3
6886	4	1
6887	0	1
6888	3	2
6889	2	3
6890	1	4
6891	0	0
6892	2	3
6893	2	3
6894	0	1
6895	0	0
6896	2	3
6897	2	3
6898	0	0
6899	0	0
6900	4	1
6901	2	3
6902	4	1
6903	0	0
6904	0	0
6905	3	2
6906	0	0
6907	0	0
6908	0	0
6909	3	2
6910	4	1
6911	1	4
6912	0	0
6913	0	0
6914	2	3
6915	2	4
6916	1	4
6917	4	1
6918	3	2
6919	3	2
6920	3	2
6921	2	3
6922	4	1
6923	1	3
6924	2	3
6925	1	4
6926	2	1
6927	1	4
6928	3	2
6929	0	0
6930	1	4
6931	4	1
6932	2	3
6933	1	4
6934	2	3
6935	1	4
6936	1	4
6937	1	4
6938	1	4
6939	1	4
6940	2	3
6941	2	3
6942	4	1
6943	2	3
6944	4	1
6945	1	4
6946	4	1
6947	3	2
6948	0	0
6949	4	1
6950	4	1
6951	0	0
6952	0	0
6953	1	4
6954	0	0
6955	2	3
6956	2	3
6957	2	3
6958	4	1
6959	2	3
6960	4	1
6961	2	3
6962	0	0
6963	4	1
6964	2	3
6965	4	1
6966	4	1
6967	2	3
6968	1	4
6969	1	3
6970	2	1
6971	0	0
6972	3	2
6973	3	2
6974	3	2
6975	2	3
6976	2	1
6977	0	0
6978	4	1
6979	2	1
6980	1	4
6981	2	3
6982	1	3
6983	1	4
6984	2	3
6985	2	3
6986	0	0
6987	0	1
6988	2	0
6989	0	0
6990	4	1
6991	4	1
6992	4	1
6993	2	3
6994	1	4
6995	0	0
6996	2	3
6997	2	1
6998	4	1
6999	0	0
7000	4	1
7001	2	0
7002	3	2
7003	0	0
7004	4	1
7005	2	1
7006	0	0
7007	3	2
7008	1	4
7009	4	1
7010	0	0
7011	4	1
7012	0	0
7013	4	1
7014	3	2
7015	2	1
7016	2	1
7017	2	4
7018	0	4
7019	2	3
7020	4	1
7021	4	1
7022	1	4
7023	0	0
7024	2	3
7025	2	3
7026	4	1
7027	4	1
7028	4	1
7029	2	1
7030	4	1
7031	0	0
7032	3	2
7033	0	0
7034	1	4
7035	2	3
7036	2	4
7037	4	1
7038	3	2
7039	0	0
7040	2	3
7041	1	4
7042	0	0
7043	2	3
7044	2	4
7045	2	3
7046	2	3
7047	4	1
7048	0	0
7049	1	4
7050	1	4
7051	0	0
7052	4	1
7053	2	1
7054	4	1
7055	2	1
7056	3	2
7057	2	3
7058	0	0
7059	4	1
7060	4	1
7061	0	0
7062	1	4
7063	0	0
7064	1	4
7065	2	3
7066	4	1
7067	1	4
7068	1	4
7069	3	2
7070	1	4
7071	0	0
7072	4	1
7073	2	3
7074	2	3
7075	1	4
7076	2	3
7077	1	4
7078	1	4
7079	0	0
7080	3	2
7081	4	1
7082	2	3
7083	1	4
7084	0	0
7085	2	3
7086	2	3
7087	2	1
7088	4	1
7089	2	3
7090	1	4
7091	4	1
7092	4	1
7093	0	1
7094	1	4
7095	2	3
7096	0	0
7097	2	3
7098	2	1
7099	1	4
7100	1	4
7101	3	2
7102	0	0
7103	0	0
7104	0	0
7105	1	4
7106	0	0
7107	3	2
7108	2	3
7109	2	3
7110	3	2
7111	3	2
7112	0	0
7113	2	3
7114	0	0
7115	4	1
7116	2	3
7117	0	0
7118	0	0
7119	1	4
7120	3	2
7121	2	3
7122	4	1
7123	2	3
7124	2	3
7125	1	4
7126	2	3
7127	3	2
7128	2	3
7129	0	0
7130	0	0
7131	1	4
7132	1	4
7133	2	3
7134	0	0
7135	2	3
7136	4	1
7137	4	1
7138	1	3
7139	4	1
7140	4	1
7141	2	3
7142	2	3
7143	3	2
7144	3	2
7145	0	0
7146	1	4
7147	4	1
7148	2	3
7149	3	2
7150	2	3
7151	2	3
7152	3	2
7153	4	1
7154	2	3
7155	2	3
7156	2	1
7157	2	3
7158	4	1
7159	1	4
7160	1	4
7161	2	0
7162	2	3
7163	1	4
7164	2	3
7165	4	1
7166	2	0
7167	2	1
7168	4	1
7169	0	0
7170	4	1
7171	1	4
7172	1	3
7173	3	2
7174	0	0
7175	1	4
7176	1	4
7177	1	3
7178	1	4
7179	4	2
7180	4	1
7181	4	1
7182	0	1
7183	1	4
7184	2	4
7185	0	0
7186	1	4
7187	0	0
7188	0	0
7189	2	3
7190	2	3
7191	4	1
7192	2	0
7193	0	0
7194	2	1
7195	4	1
7196	3	2
7197	4	1
7198	4	1
7199	4	1
7200	4	1
7201	4	1
7202	2	1
7203	1	4
7204	4	1
7205	2	1
7206	2	3
7207	1	4
7208	4	1
7209	4	1
7210	0	0
7211	3	2
7212	3	2
7213	4	1
7214	0	0
7215	1	4
7216	1	4
7217	3	2
7218	3	2
7219	2	3
7220	2	1
7221	1	4
7222	4	1
7223	0	0
7224	1	4
7225	4	2
7226	1	4
7227	4	1
7228	2	3
7229	2	3
7230	4	2
7231	0	0
7232	1	4
7233	2	3
7234	0	0
7235	3	2
7236	2	3
7237	3	2
7238	2	1
7239	2	4
7240	0	0
7241	0	0
7242	4	1
7243	0	0
7244	0	0
7245	0	0
7246	2	3
7247	1	4
7248	0	0
7249	4	1
7250	3	2
7251	4	1
7252	2	3
7253	1	4
7254	2	3
7255	1	4
7256	2	3
7257	1	4
7258	0	0
7259	4	1
7260	3	2
7261	1	4
7262	0	0
7263	0	0
7264	1	4
7265	2	3
7266	1	4
7267	2	3
7268	4	1
7269	1	4
7270	3	2
7271	0	0
7272	1	4
7273	4	1
7274	4	1
7275	4	1
7276	0	0
7277	2	3
7278	4	1
7279	4	1
7280	2	1
7281	3	2
7282	2	3
7283	2	3
7284	0	4
7285	4	1
7286	2	3
7287	0	0
7288	0	0
7289	0	0
7290	4	1
7291	0	0
7292	0	0
7293	2	3
7294	0	0
7295	0	0
7296	2	3
7297	3	2
7298	4	1
7299	3	2
7300	1	4
7301	2	1
7302	2	0
7303	2	3
7304	1	4
7305	2	0
7306	0	0
7307	4	1
7308	2	1
7309	2	3
7310	0	0
7311	3	2
7312	1	4
7313	1	4
7314	4	1
7315	3	2
7316	2	3
7317	1	4
7318	2	3
7319	2	3
7320	0	0
7321	4	1
7322	2	3
7323	1	3
7324	3	2
7325	4	1
7326	1	4
7327	4	1
7328	0	0
7329	2	1
7330	2	1
7331	4	1
7332	1	4
7333	2	3
7334	0	0
7335	1	4
7336	4	1
7337	0	0
7338	0	0
7339	2	3
7340	1	4
7341	1	4
7342	0	0
7343	1	4
7344	1	4
7345	1	4
7346	2	3
7347	0	0
7348	0	0
7349	0	0
7350	4	1
7351	1	4
7352	1	4
7353	2	3
7354	4	1
7355	3	2
7356	0	0
7357	0	0
7358	3	2
7359	1	4
7360	0	0
7361	3	2
7362	4	1
7363	2	3
7364	4	1
7365	2	3
7366	2	3
7367	3	2
7368	2	3
7369	0	0
7370	0	0
7371	2	1
7372	2	3
7373	0	0
7374	0	0
7375	1	4
7376	4	1
7377	0	0
7378	1	4
7379	4	1
7380	1	4
7381	2	3
7382	4	1
7383	1	4
7384	2	3
7385	2	3
7386	2	1
7387	1	4
7388	1	4
7389	0	0
7390	0	0
7391	4	1
7392	1	4
7393	4	3
7394	1	4
7395	2	1
7396	0	0
7397	2	1
7398	4	1
7399	0	0
7400	4	1
7401	1	4
7402	2	3
7403	4	1
7404	2	3
7405	0	1
7406	4	1
7407	2	3
7408	1	4
7409	3	2
7410	4	1
7411	0	0
7412	4	1
7413	0	0
7414	0	0
7415	2	3
7416	1	4
7417	2	3
7418	2	3
7419	0	0
7420	4	1
7421	0	0
7422	2	3
7423	3	2
7424	2	3
7425	4	1
7426	4	1
7427	1	4
7428	3	2
7429	4	1
7430	2	1
7431	0	0
7432	2	1
7433	4	1
7434	4	1
7435	4	1
7436	0	0
7437	0	0
7438	0	0
7439	4	1
7440	0	0
7441	0	0
7442	0	0
7443	0	0
7444	3	2
7445	0	0
7446	2	3
7447	0	0
7448	1	4
7449	4	1
7450	3	2
7451	0	0
7452	1	4
7453	3	2
7454	2	3
7455	0	0
7456	1	4
7457	2	3
7458	4	1
7459	4	1
7460	2	3
7461	0	0
7462	3	2
7463	1	4
7464	3	2
7465	4	1
7466	3	2
7467	0	0
7468	2	3
7469	4	1
7470	0	0
7471	0	0
7472	4	1
7473	3	2
7474	2	1
7475	2	3
7476	4	1
7477	2	1
7478	2	1
7479	0	0
7480	3	2
7481	2	3
7482	4	1
7483	0	0
7484	0	0
7485	2	3
7486	1	4
7487	4	1
7488	2	3
7489	1	4
7490	0	0
7491	2	0
7492	1	4
7493	1	4
7494	4	1
7495	2	3
7496	0	0
7497	0	0
7498	2	3
7499	2	3
7500	1	4
7501	0	0
7502	4	1
7503	2	1
7504	4	2
7505	0	0
7506	0	0
7507	2	0
7508	0	0
7509	4	1
7510	1	4
7511	4	1
7512	0	0
7513	1	4
7514	3	2
7515	3	2
7516	2	1
7517	4	1
7518	0	0
7519	2	3
7520	3	2
7521	0	0
7522	3	2
7523	2	3
7524	3	2
7525	1	4
7526	0	0
7527	0	0
7528	3	2
7529	3	2
7530	1	4
7531	1	4
7532	1	4
7533	1	4
7534	2	0
7535	0	0
7536	4	1
7537	0	0
7538	2	3
7539	3	2
7540	1	4
7541	3	2
7542	0	0
7543	3	2
7544	1	4
7545	1	4
7546	4	1
7547	0	0
7548	2	3
7549	1	4
7550	2	3
7551	1	4
7552	2	3
7553	0	1
7554	2	3
7555	4	1
7556	3	2
7557	1	4
7558	0	0
7559	0	0
7560	3	2
7561	0	0
7562	0	0
7563	1	4
7564	4	1
7565	3	2
7566	1	4
7567	0	0
7568	1	4
7569	3	2
7570	2	3
7571	0	0
7572	1	4
7573	0	0
7574	4	1
7575	1	4
7576	1	4
7577	1	4
7578	3	2
7579	2	3
7580	2	3
7581	2	3
7582	4	1
7583	3	2
7584	2	1
7585	1	4
7586	4	1
7587	1	3
7588	0	0
7589	2	3
7590	1	3
7591	1	4
7592	4	1
7593	2	3
7594	2	3
7595	3	2
7596	4	1
7597	2	4
7598	1	3
7599	3	2
7600	0	0
7601	2	3
7602	3	2
7603	2	1
7604	2	1
7605	0	0
7606	4	2
7607	1	4
7608	0	0
7609	2	3
7610	0	0
7611	3	2
7612	2	3
7613	4	2
7614	4	1
7615	4	1
7616	4	1
7617	2	3
7618	2	3
7619	2	3
7620	0	0
7621	2	3
7622	0	0
7623	4	1
7624	2	3
7625	2	3
7626	1	4
7627	1	4
7628	0	0
7629	4	1
7630	3	2
7631	0	0
7632	2	3
7633	4	1
7634	4	1
7635	3	2
7636	1	4
7637	2	3
7638	2	3
7639	2	3
7640	2	3
7641	4	1
7642	0	1
7643	3	2
7644	0	0
7645	1	4
7646	0	0
7647	4	1
7648	2	4
7649	3	2
7650	1	4
7651	4	1
7652	0	0
7653	1	4
7654	4	1
7655	3	2
7656	2	3
7657	0	0
7658	2	3
7659	3	2
7660	3	2
7661	2	3
7662	3	2
7663	4	1
7664	3	2
7665	1	4
7666	4	1
7667	2	1
7668	0	0
7669	1	4
7670	2	3
7671	4	1
7672	4	1
7673	2	3
7674	1	3
7675	0	0
7676	4	1
7677	2	3
7678	0	0
7679	0	0
7680	1	4
7681	0	0
7682	1	4
7683	1	4
7684	1	4
7685	4	1
7686	1	4
7687	3	2
7688	0	0
7689	1	4
7690	2	3
7691	0	0
7692	0	0
7693	0	0
7694	0	0
7695	0	0
7696	2	0
7697	2	3
7698	0	0
7699	4	1
7700	3	2
7701	2	1
7702	0	0
7703	3	2
7704	4	1
7705	1	3
7706	0	0
7707	0	0
7708	1	4
7709	1	4
7710	2	3
7711	3	2
7712	0	0
7713	2	1
7714	4	1
7715	2	3
7716	0	0
7717	1	4
7718	0	0
7719	2	1
7720	3	2
7721	0	0
7722	2	3
7723	0	0
7724	0	0
7725	4	1
7726	3	2
7727	4	1
7728	2	1
7729	2	3
7730	0	0
7731	3	2
7732	1	3
7733	2	1
7734	0	0
7735	0	0
7736	4	1
7737	2	0
7738	4	1
7739	2	3
7740	3	2
7741	1	4
7742	2	3
7743	2	3
7744	1	4
7745	2	1
7746	0	0
7747	1	4
7748	0	0
7749	4	1
7750	1	3
7751	2	3
7752	2	3
7753	1	4
7754	3	2
7755	2	3
7756	0	0
7757	0	0
7758	2	3
7759	2	0
7760	0	0
7761	2	3
7762	4	1
7763	4	1
7764	2	3
7765	1	4
7766	2	3
7767	4	1
7768	2	3
7769	1	4
7770	0	0
7771	1	4
7772	3	2
7773	4	1
7774	3	2
7775	1	4
7776	2	3
7777	2	1
7778	2	3
7779	4	1
7780	2	0
7781	0	0
7782	4	1
7783	0	0
7784	3	2
7785	0	1
7786	0	0
7787	2	1
7788	3	2
7789	4	1
7790	0	0
7791	0	0
7792	0	0
7793	0	0
7794	0	0
7795	4	1
7796	0	0
7797	3	2
7798	0	0
7799	2	3
7800	2	3
7801	0	0
7802	0	1
7803	1	3
7804	4	1
7805	2	4
7806	1	4
7807	1	4
7808	4	1
7809	2	1
7810	0	0
7811	1	4
7812	2	3
7813	2	3
7814	2	3
7815	4	1
7816	2	1
7817	0	0
7818	2	1
7819	1	4
7820	2	3
7821	2	3
7822	2	1
7823	4	1
7824	2	3
7825	1	4
7826	2	3
7827	2	3
7828	2	3
7829	0	0
7830	4	1
7831	0	0
7832	2	3
7833	1	4
7834	3	2
7835	0	1
7836	2	3
7837	2	3
7838	0	0
7839	4	1
7840	1	4
7841	3	2
7842	0	0
7843	2	3
7844	3	2
7845	1	4
7846	1	4
7847	4	1
7848	1	4
7849	1	4
7850	1	4
7851	2	3
7852	0	0
7853	1	4
7854	1	4
7855	1	4
7856	4	2
7857	4	2
7858	4	1
7859	2	3
7860	2	3
7861	1	4
7862	3	2
7863	4	1
7864	2	3
7865	4	1
7866	3	2
7867	4	1
7868	2	3
7869	3	2
7870	4	1
7871	3	2
7872	3	2
7873	2	3
7874	1	4
7875	0	0
7876	0	0
7877	2	1
7878	2	3
7879	1	4
7880	2	4
7881	2	3
7882	2	3
7883	3	2
7884	2	4
7885	4	1
7886	1	4
7887	1	3
7888	2	3
7889	3	2
7890	1	4
7891	0	0
7892	1	4
7893	1	4
7894	2	3
7895	2	1
7896	4	1
7897	2	3
7898	1	4
7899	1	4
7900	3	2
7901	1	4
7902	0	0
7903	3	2
7904	0	0
7905	4	1
7906	1	4
7907	2	3
7908	1	4
7909	2	3
7910	2	1
7911	2	3
7912	0	0
7913	1	4
7914	0	0
7915	2	4
7916	2	3
7917	0	0
7918	2	3
7919	1	4
7920	1	3
7921	2	3
7922	2	3
7923	0	0
7924	0	0
7925	3	2
7926	4	1
7927	2	3
7928	1	4
7929	4	1
7930	3	2
7931	4	2
7932	1	4
7933	1	3
7934	0	0
7935	4	1
7936	2	3
7937	3	2
7938	1	4
7939	0	0
7940	0	0
7941	4	1
7942	0	0
7943	0	0
7944	0	0
7945	2	1
7946	1	4
7947	0	0
7948	4	1
7949	0	0
7950	1	4
7951	2	1
7952	2	3
7953	0	0
7954	4	1
7955	3	2
7956	4	2
7957	1	4
7958	2	1
7959	1	4
7960	0	0
7961	2	3
7962	3	2
7963	1	3
7964	2	3
7965	4	1
7966	0	0
7967	3	2
7968	2	3
7969	0	0
7970	0	0
7971	4	2
7972	3	2
7973	3	2
7974	3	2
7975	1	4
7976	0	0
7977	2	1
7978	1	3
7979	1	4
7980	3	2
7981	1	3
7982	1	3
7983	2	1
7984	1	4
7985	4	3
7986	2	3
7987	2	3
7988	1	4
7989	0	0
7990	2	3
7991	4	2
7992	1	4
7993	1	4
7994	1	4
7995	0	0
7996	1	4
7997	2	1
7998	1	4
7999	1	4
8000	2	3
8001	1	4
8002	2	3
8003	0	1
8004	1	4
8005	3	2
8006	0	0
8007	3	2
8008	3	2
8009	2	1
8010	3	2
8011	4	1
8012	0	0
8013	4	1
8014	2	0
8015	4	1
8016	1	3
8017	2	3
8018	3	2
8019	1	4
8020	4	1
8021	4	1
8022	1	4
8023	0	0
8024	1	4
8025	1	4
8026	0	0
8027	3	2
8028	4	2
8029	3	2
8030	2	3
8031	2	3
8032	2	3
8033	2	3
8034	2	3
8035	0	0
8036	2	3
8037	2	1
8038	4	1
8039	2	3
8040	4	1
8041	2	3
8042	3	2
8043	3	2
8044	4	1
8045	2	3
8046	2	3
8047	4	1
8048	0	0
8049	1	4
8050	4	1
8051	4	1
8052	4	1
8053	2	4
8054	1	4
8055	3	2
8056	4	1
8057	3	2
8058	4	1
8059	2	3
8060	1	4
8061	0	0
8062	4	1
8063	2	1
8064	0	0
8065	2	3
8066	2	3
8067	0	0
8068	4	1
8069	4	1
8070	0	0
8071	3	2
8072	4	1
8073	1	4
8074	2	3
8075	0	0
8076	2	3
8077	4	1
8078	3	2
8079	3	2
8080	4	1
8081	1	4
8082	1	4
8083	3	2
8084	4	1
8085	0	0
8086	3	2
8087	2	3
8088	2	3
8089	3	2
8090	2	4
8091	1	4
8092	2	3
8093	2	0
8094	0	0
8095	1	4
8096	3	2
8097	3	2
8098	0	0
8099	2	3
8100	2	1
8101	4	1
8102	3	2
8103	3	2
8104	2	3
8105	2	3
8106	2	3
8107	4	1
8108	4	1
8109	4	1
8110	4	1
8111	0	0
8112	2	3
8113	2	3
8114	4	3
8115	2	3
8116	3	2
8117	2	1
8118	2	3
8119	1	4
8120	0	0
8121	4	1
8122	1	4
8123	1	4
8124	4	1
8125	0	0
8126	0	0
8127	2	0
8128	2	3
8129	0	0
8130	0	0
8131	4	1
8132	3	2
8133	4	1
8134	4	1
8135	3	2
8136	3	2
8137	1	4
8138	0	0
8139	4	1
8140	2	3
8141	0	0
8142	0	0
8143	4	1
8144	1	4
8145	2	0
8146	3	2
8147	3	2
8148	4	1
8149	4	0
8150	2	3
8151	1	4
8152	4	1
8153	0	1
8154	0	0
8155	1	4
8156	2	3
8157	2	3
8158	0	0
8159	0	0
8160	0	0
8161	1	4
8162	0	0
8163	2	3
8164	4	1
8165	4	1
8166	3	2
8167	0	0
8168	0	0
8169	0	0
8170	2	1
8171	1	4
8172	2	3
8173	4	1
8174	1	4
8175	0	0
8176	2	3
8177	2	3
8178	1	4
8179	2	1
8180	2	3
8181	1	4
8182	2	3
8183	2	4
8184	2	3
8185	0	0
8186	2	1
8187	2	1
8188	2	3
8189	4	1
8190	0	0
8191	2	4
8192	1	4
8193	1	3
8194	1	4
8195	1	4
8196	1	4
8197	0	0
8198	4	1
8199	2	3
8200	3	2
8201	1	4
8202	1	4
8203	2	3
8204	4	1
8205	0	0
8206	1	4
8207	3	2
8208	2	3
8209	0	0
8210	4	1
8211	4	1
8212	2	3
8213	0	0
8214	2	3
8215	2	3
8216	1	4
8217	0	0
8218	3	2
8219	4	1
8220	4	1
8221	0	0
8222	0	0
8223	2	3
8224	2	3
8225	0	0
8226	2	4
8227	2	4
8228	1	4
8229	0	0
8230	2	3
8231	0	2
8232	4	1
8233	1	4
8234	3	2
8235	0	0
8236	4	2
8237	2	3
8238	0	0
8239	4	1
8240	2	0
8241	0	0
8242	4	1
8243	4	1
8244	2	0
8245	1	4
8246	1	4
8247	2	3
8248	0	0
8249	2	3
8250	0	0
8251	4	1
8252	2	3
8253	1	3
8254	1	4
8255	3	2
8256	4	1
8257	2	3
8258	3	2
8259	1	4
8260	1	4
8261	4	1
8262	2	3
8263	4	1
8264	3	2
8265	1	4
8266	2	1
8267	0	0
8268	0	0
8269	1	4
8270	3	2
8271	0	0
8272	3	2
8273	3	2
8274	4	1
8275	4	1
8276	3	2
8277	0	0
8278	0	0
8279	2	3
8280	4	1
8281	1	4
8282	2	3
8283	2	3
8284	1	3
8285	1	4
8286	1	4
8287	4	1
8288	2	3
8289	3	2
8290	0	0
8291	0	0
8292	3	2
8293	1	4
8294	2	3
8295	3	2
8296	3	2
8297	4	1
8298	0	0
8299	4	1
8300	3	2
8301	4	3
8302	2	1
8303	2	3
8304	4	1
8305	0	0
8306	1	4
8307	4	1
8308	3	2
8309	2	3
8310	0	0
8311	2	1
8312	3	2
8313	4	2
8314	4	1
8315	0	1
8316	0	1
8317	0	0
8318	3	2
8319	4	1
8320	1	3
8321	4	1
8322	1	4
8323	3	2
8324	1	4
8325	1	4
8326	1	4
8327	4	2
8328	4	1
8329	0	0
8330	4	1
8331	2	4
8332	3	2
8333	3	2
8334	2	3
8335	4	1
8336	3	2
8337	0	0
8338	1	4
8339	3	2
8340	3	2
8341	1	4
8342	3	2
8343	4	1
8344	0	1
8345	4	1
8346	0	0
8347	2	3
8348	0	1
8349	3	2
8350	3	2
8351	2	3
8352	1	4
8353	2	3
8354	1	4
8355	0	1
8356	2	1
8357	1	3
8358	0	0
8359	3	2
8360	4	1
8361	1	4
8362	4	2
8363	1	4
8364	1	4
8365	3	2
8366	3	2
8367	4	1
8368	2	4
8369	4	1
8370	2	3
8371	2	4
8372	3	2
8373	2	3
8374	1	4
8375	2	1
8376	1	4
8377	1	4
8378	1	4
8379	3	2
8380	4	3
8381	2	1
8382	2	3
8383	0	0
8384	0	0
8385	0	1
8386	3	2
8387	0	0
8388	0	0
8389	4	1
8390	1	4
8391	1	4
8392	0	0
8393	2	4
8394	0	0
8395	3	2
8396	4	1
8397	4	1
8398	1	4
8399	2	0
8400	2	4
8401	2	3
8402	0	0
8403	2	1
8404	2	1
8405	2	3
8406	0	0
8407	2	3
8408	1	4
8409	0	0
8410	1	4
8411	2	3
8412	2	3
8413	2	3
8414	0	0
8415	4	1
8416	1	4
8417	2	3
8418	2	3
8419	0	0
8420	2	3
8421	4	3
8422	0	0
8423	0	0
8424	3	2
8425	0	0
8426	2	3
8427	1	4
8428	0	0
8429	0	0
8430	0	0
8431	1	4
8432	2	3
8433	4	1
8434	4	3
8435	1	4
8436	2	4
8437	4	1
8438	1	3
8439	1	4
8440	2	3
8441	0	0
8442	1	4
8443	0	0
8444	3	2
8445	0	0
8446	2	1
8447	2	3
8448	2	3
8449	4	1
8450	0	0
8451	0	0
8452	2	1
8453	4	1
8454	2	3
8455	3	2
8456	2	3
8457	1	4
8458	2	3
8459	2	3
8460	1	4
8461	4	1
8462	1	4
8463	2	3
8464	2	1
8465	2	3
8466	3	2
8467	2	3
8468	0	0
8469	2	4
8470	2	3
8471	3	2
8472	3	2
8473	0	0
8474	4	1
8475	1	4
8476	2	3
8477	3	2
8478	4	1
8479	0	0
8480	0	0
8481	2	3
8482	4	1
8483	0	0
8484	1	4
8485	4	1
8486	1	4
8487	1	4
8488	2	0
8489	0	0
8490	2	3
8491	4	1
8492	1	4
8493	4	1
8494	3	2
8495	0	1
8496	1	4
8497	4	1
8498	0	4
8499	0	2
8500	2	1
8501	4	1
8502	4	1
8503	2	1
8504	0	0
8505	0	0
8506	0	0
8507	0	0
8508	2	3
8509	1	4
8510	4	1
8511	2	3
8512	2	1
8513	2	3
8514	3	2
8515	3	2
8516	2	3
8517	4	1
8518	3	2
8519	0	0
8520	0	0
8521	2	1
8522	0	0
8523	1	3
8524	4	2
8525	0	0
8526	0	0
8527	2	3
8528	1	4
8529	0	0
8530	0	0
8531	3	2
8532	2	3
8533	0	0
8534	2	3
8535	3	2
8536	2	4
8537	2	3
8538	0	1
8539	0	0
8540	1	4
8541	3	2
8542	0	0
8543	2	1
8544	1	4
8545	0	0
8546	1	4
8547	2	3
8548	1	4
8549	3	2
8550	4	1
8551	1	4
8552	2	4
8553	4	1
8554	1	3
8555	0	0
8556	0	0
8557	2	3
8558	2	1
8559	3	2
8560	0	0
8561	1	4
8562	1	4
8563	2	3
8564	1	4
8565	0	0
8566	2	3
8567	0	0
8568	2	4
8569	1	4
8570	2	3
8571	1	4
8572	4	1
8573	4	1
8574	0	0
8575	0	0
8576	2	3
8577	3	2
8578	0	1
8579	0	1
8580	3	2
8581	2	1
8582	2	1
8583	4	1
8584	1	4
8585	4	1
8586	2	1
8587	0	0
8588	0	0
8589	4	2
8590	2	3
8591	2	3
8592	2	3
8593	2	3
8594	2	1
8595	4	1
8596	1	4
8597	2	0
8598	0	0
8599	4	1
8600	1	3
8601	2	3
8602	3	2
8603	1	4
8604	0	0
8605	2	3
8606	4	1
8607	1	4
8608	4	1
8609	4	1
8610	2	3
8611	2	3
8612	4	1
8613	0	0
8614	0	0
8615	2	3
8616	0	0
8617	1	4
8618	0	0
8619	0	0
8620	0	0
8621	2	3
8622	3	2
8623	2	3
8624	1	3
8625	2	3
8626	3	2
8627	1	3
8628	1	4
8629	2	4
8630	3	2
8631	2	3
8632	4	1
8633	1	4
8634	1	4
8635	4	1
8636	0	0
8637	2	3
8638	2	3
8639	1	4
8640	2	3
8641	1	4
8642	0	0
8643	2	3
8644	0	0
8645	4	1
8646	3	2
8647	4	1
8648	0	0
8649	0	0
8650	4	1
8651	1	4
8652	2	3
8653	4	1
8654	0	0
8655	3	2
8656	2	4
8657	1	3
8658	4	1
8659	4	1
8660	0	0
8661	0	0
8662	2	3
8663	3	2
8664	0	0
8665	0	0
8666	4	1
8667	0	0
8668	3	2
8669	2	1
8670	0	0
8671	3	2
8672	0	0
8673	3	2
8674	2	3
8675	1	3
8676	3	2
8677	2	1
8678	0	0
8679	1	4
8680	1	4
8681	1	3
8682	4	1
8683	1	4
8684	4	1
8685	3	2
8686	0	0
8687	2	4
8688	2	3
8689	0	0
8690	4	1
8691	3	2
8692	0	4
8693	2	3
8694	2	3
8695	3	2
8696	2	1
8697	0	0
8698	0	0
8699	1	4
8700	0	0
8701	1	3
8702	4	1
8703	1	4
8704	2	3
8705	2	1
8706	0	0
8707	3	2
8708	0	0
8709	2	3
8710	4	2
8711	1	4
8712	4	1
8713	3	2
8714	1	4
8715	4	2
8716	2	1
8717	0	0
8718	0	0
8719	1	4
8720	2	3
8721	4	1
8722	2	3
8723	3	2
8724	2	3
8725	0	0
8726	4	1
8727	0	0
8728	2	3
8729	2	3
8730	2	3
8731	3	2
8732	4	1
8733	0	0
8734	4	1
8735	2	4
8736	2	3
8737	1	4
8738	4	1
8739	2	3
8740	1	4
8741	0	0
8742	3	2
8743	4	1
8744	1	4
8745	2	3
8746	1	4
8747	1	4
8748	1	4
8749	3	2
8750	4	1
8751	2	1
8752	0	0
8753	3	2
8754	0	0
8755	4	1
8756	2	3
8757	1	4
8758	0	0
8759	4	1
8760	4	1
8761	1	4
8762	0	0
8763	0	0
8764	2	3
8765	2	1
8766	2	3
8767	2	3
8768	4	1
8769	0	0
8770	3	2
8771	3	2
8772	2	3
8773	4	1
8774	3	2
8775	2	3
8776	4	2
8777	0	0
8778	1	4
8779	0	0
8780	3	2
8781	1	4
8782	1	4
8783	0	1
8784	2	3
8785	0	0
8786	0	0
8787	0	0
8788	0	0
8789	4	1
8790	2	3
8791	4	1
8792	4	1
8793	1	4
8794	2	3
8795	2	3
8796	0	0
8797	4	1
8798	1	4
8799	1	4
8800	2	3
8801	1	4
8802	1	4
8803	4	3
8804	3	2
8805	1	4
8806	3	2
8807	3	2
8808	4	1
8809	0	0
8810	0	0
8811	0	0
8812	3	2
8813	1	4
8814	0	0
8815	2	1
8816	4	1
8817	1	4
8818	0	0
8819	4	1
8820	4	1
8821	0	0
8822	2	3
8823	2	3
8824	4	1
8825	3	2
8826	0	0
8827	0	0
8828	1	4
8829	2	3
8830	0	0
8831	2	3
8832	2	1
8833	4	1
8834	1	4
8835	0	0
8836	2	3
8837	0	0
8838	0	0
8839	2	3
8840	0	0
8841	0	0
8842	0	0
8843	2	3
8844	2	3
8845	4	1
8846	0	0
8847	2	3
8848	2	3
8849	3	2
8850	3	2
8851	1	4
8852	3	2
8853	4	1
8854	0	0
8855	4	2
8856	2	4
8857	3	2
8858	4	1
8859	2	3
8860	1	4
8861	3	2
8862	3	2
8863	1	4
8864	1	3
8865	2	3
8866	4	1
8867	4	1
8868	0	0
8869	2	3
8870	1	4
8871	1	4
8872	4	1
8873	1	4
8874	3	2
8875	2	3
8876	2	3
8877	2	1
8878	4	1
8879	2	0
8880	1	4
8881	4	2
8882	2	3
8883	0	0
8884	0	0
8885	4	1
8886	0	0
8887	1	4
8888	0	0
8889	0	0
8890	2	1
8891	2	3
8892	2	3
8893	3	2
8894	1	3
8895	2	4
8896	0	0
8897	2	1
8898	0	0
8899	0	0
8900	2	1
8901	2	3
8902	1	4
8903	2	3
8904	0	0
8905	2	3
8906	4	3
8907	2	1
8908	0	0
8909	2	3
8910	2	1
8911	0	0
8912	2	3
8913	4	1
8914	3	2
8915	4	1
8916	4	1
8917	2	3
8918	4	1
8919	4	2
8920	2	3
8921	2	3
8922	2	4
8923	2	3
8924	2	3
8925	3	2
8926	0	0
8927	4	1
8928	2	3
8929	2	3
8930	4	1
8931	1	4
8932	1	4
8933	0	0
8934	4	1
8935	4	1
8936	4	1
8937	1	4
8938	0	0
8939	3	2
8940	0	0
8941	3	2
8942	2	3
8943	4	1
8944	1	4
8945	0	0
8946	4	1
8947	2	3
8948	2	4
8949	1	4
8950	2	3
8951	2	4
8952	0	0
8953	3	2
8954	2	1
8955	2	3
8956	3	2
8957	2	0
8958	4	1
8959	1	4
8960	4	1
8961	4	1
8962	3	2
8963	4	2
8964	3	2
8965	2	3
8966	2	3
8967	1	4
8968	4	1
8969	4	1
8970	2	0
8971	3	2
8972	0	0
8973	1	4
8974	3	2
8975	0	0
8976	0	0
8977	1	4
8978	2	1
8979	1	4
8980	2	3
8981	1	4
8982	3	2
8983	2	3
8984	2	1
8985	0	0
8986	0	0
8987	2	3
8988	1	3
8989	4	1
8990	0	0
8991	1	4
8992	0	0
8993	2	3
8994	1	4
8995	4	1
8996	4	1
8997	2	3
8998	0	0
8999	4	2
9000	4	1
9001	2	3
9002	1	4
9003	1	4
9004	3	2
9005	4	1
9006	3	2
9007	0	0
9008	3	2
9009	1	4
9010	3	2
9011	4	1
9012	4	1
9013	1	4
9014	0	0
9015	4	1
9016	3	2
9017	3	2
9018	4	1
9019	1	3
9020	2	3
9021	1	4
9022	0	0
9023	2	3
9024	0	0
9025	0	0
9026	0	0
9027	2	3
9028	2	3
9029	1	4
9030	4	1
9031	0	0
9032	2	3
9033	3	2
9034	1	4
9035	1	4
9036	0	0
9037	1	4
9038	4	1
9039	0	0
9040	4	1
9041	1	4
9042	2	4
9043	2	3
9044	4	1
9045	0	0
9046	1	4
9047	4	1
9048	1	4
9049	2	1
9050	1	4
9051	4	1
9052	1	4
9053	2	3
9054	1	4
9055	0	0
9056	4	1
9057	3	2
9058	3	2
9059	2	3
9060	2	3
9061	0	0
9062	4	2
9063	1	4
9064	4	1
9065	4	1
9066	4	1
9067	1	4
9068	0	0
9069	0	0
9070	2	3
9071	4	1
9072	4	1
9073	2	3
9074	4	1
9075	2	1
9076	1	4
9077	1	4
9078	2	3
9079	4	1
9080	0	1
9081	2	1
9082	0	0
9083	0	0
9084	1	4
9085	2	3
9086	4	1
9087	1	3
9088	0	0
9089	4	1
9090	4	1
9091	0	0
9092	0	0
9093	1	4
9094	0	0
9095	4	1
9096	0	0
9097	3	2
9098	4	1
9099	1	4
9100	2	3
9101	1	4
9102	1	4
9103	2	3
9104	1	3
9105	4	1
9106	0	0
9107	1	3
9108	0	0
9109	2	3
9110	2	1
9111	1	4
9112	2	3
9113	1	4
9114	1	4
9115	0	0
9116	4	1
9117	0	0
9118	2	0
9119	1	4
9120	4	1
9121	4	1
9122	4	2
9123	3	2
9124	2	1
9125	1	4
9126	4	1
9127	1	4
9128	4	1
9129	1	4
9130	1	4
9131	2	3
9132	2	3
9133	4	1
9134	4	1
9135	1	4
9136	2	0
9137	0	0
9138	3	2
9139	2	3
9140	3	2
9141	1	4
9142	2	3
9143	0	0
9144	4	1
9145	4	1
9146	0	0
9147	2	1
9148	4	1
9149	2	3
9150	1	4
9151	2	3
9152	4	1
9153	2	3
9154	0	0
9155	2	3
9156	1	4
9157	4	1
9158	0	0
9159	3	2
9160	0	0
9161	1	4
9162	1	4
9163	2	3
9164	1	4
9165	2	3
9166	4	1
9167	2	3
9168	2	3
9169	0	0
9170	1	4
9171	3	2
9172	3	2
9173	4	1
9174	1	4
9175	1	4
9176	4	1
9177	1	4
9178	2	3
9179	0	0
9180	1	4
9181	3	2
9182	2	3
9183	1	4
9184	3	2
9185	2	3
9186	4	2
9187	0	0
9188	1	4
9189	0	0
9190	4	1
9191	2	3
9192	0	0
9193	0	0
9194	4	1
9195	2	1
9196	1	4
9197	1	4
9198	2	4
9199	0	0
9200	2	3
9201	2	0
9202	2	1
9203	1	4
9204	2	3
9205	4	1
9206	0	0
9207	4	1
9208	2	3
9209	2	3
9210	0	0
9211	0	0
9212	3	2
9213	0	0
9214	2	3
9215	2	1
9216	2	3
9217	3	2
9218	3	2
9219	1	4
9220	4	1
9221	2	1
9222	2	3
9223	3	2
9224	3	2
9225	1	4
9226	1	4
9227	3	2
9228	4	1
9229	0	0
9230	0	0
9231	1	3
9232	0	0
9233	4	1
9234	1	4
9235	2	1
9236	2	0
9237	1	4
9238	1	4
9239	0	0
9240	1	4
9241	2	3
9242	0	0
9243	2	3
9244	1	4
9245	1	4
9246	4	1
9247	0	0
9248	2	3
9249	4	1
9250	4	1
9251	0	0
9252	1	4
9253	2	1
9254	2	1
9255	2	3
9256	1	4
9257	3	2
9258	0	0
9259	2	1
9260	2	3
9261	1	4
9262	3	2
9263	2	4
9264	4	1
9265	0	0
9266	0	0
9267	0	0
9268	4	1
9269	0	0
9270	4	2
9271	0	0
9272	3	2
9273	2	3
9274	1	3
9275	2	3
9276	1	3
9277	0	0
9278	2	3
9279	4	2
9280	2	3
9281	4	1
9282	0	0
9283	3	2
9284	2	3
9285	0	0
9286	2	3
9287	0	0
9288	4	1
9289	3	2
9290	2	3
9291	3	2
9292	4	1
9293	0	0
9294	4	1
9295	2	3
9296	3	2
9297	4	1
9298	2	3
9299	4	1
9300	2	3
9301	1	4
9302	0	0
9303	1	4
9304	2	3
9305	2	1
9306	3	2
9307	4	2
9308	3	2
9309	0	0
9310	0	0
9311	0	0
9312	2	3
9313	2	1
9314	0	0
9315	1	4
9316	3	2
9317	4	1
9318	1	4
9319	3	2
9320	4	1
9321	2	1
9322	0	0
9323	1	4
9324	3	2
9325	3	2
9326	1	4
9327	0	0
9328	3	2
9329	1	4
9330	0	1
9331	1	4
9332	3	2
9333	2	3
9334	4	1
9335	4	2
9336	0	0
9337	2	3
9338	1	4
9339	4	1
9340	4	1
9341	4	1
9342	1	4
9343	4	1
9344	3	2
9345	1	4
9346	3	2
9347	4	1
9348	1	4
9349	1	4
9350	0	0
9351	2	3
9352	2	3
9353	1	4
9354	1	4
9355	2	1
9356	2	1
9357	4	1
9358	0	0
9359	1	4
9360	1	4
9361	2	3
9362	2	3
9363	4	1
9364	4	1
9365	1	4
9366	1	4
9367	2	3
9368	2	1
9369	4	1
9370	2	1
9371	2	3
9372	3	2
9373	2	1
9374	0	0
9375	4	1
9376	0	0
9377	2	3
9378	0	0
9379	0	0
9380	4	1
9381	1	4
9382	0	0
9383	2	3
9384	2	1
9385	2	3
9386	2	3
9387	0	0
9388	2	3
9389	2	3
9390	0	0
9391	2	1
9392	0	0
9393	4	1
9394	2	3
9395	2	3
9396	2	1
9397	3	2
9398	4	1
9399	2	3
9400	0	0
9401	3	2
9402	2	3
9403	1	4
9404	0	0
9405	3	2
9406	4	1
9407	2	1
9408	2	1
9409	2	3
9410	2	1
9411	0	0
9412	3	2
9413	4	1
9414	1	4
9415	0	0
9416	3	2
9417	1	4
9418	4	1
9419	1	4
9420	2	3
9421	1	4
9422	2	0
9423	3	2
9424	0	1
9425	1	4
9426	0	0
9427	0	0
9428	4	1
9429	1	4
9430	3	2
9431	2	3
9432	0	0
9433	4	1
9434	0	0
9435	3	2
9436	2	3
9437	1	4
9438	4	1
9439	1	4
9440	2	1
9441	0	0
9442	3	2
9443	4	1
9444	4	1
9445	2	3
9446	0	0
9447	2	3
9448	2	4
9449	2	3
9450	0	1
9451	2	3
9452	0	0
9453	1	4
9454	1	4
9455	0	0
9456	1	4
9457	1	4
9458	2	0
9459	0	2
9460	4	1
9461	3	2
9462	0	4
9463	0	0
9464	3	2
9465	0	0
9466	0	0
9467	0	0
9468	2	3
9469	2	0
9470	2	3
9471	0	0
9472	2	1
9473	2	3
9474	0	0
9475	4	1
9476	1	4
9477	2	3
9478	0	0
9479	2	4
9480	3	2
9481	1	4
9482	3	2
9483	2	3
9484	0	1
9485	2	3
9486	3	2
9487	0	0
9488	0	0
9489	4	1
9490	0	0
9491	2	3
9492	1	4
9493	3	2
9494	0	0
9495	1	4
9496	3	2
9497	1	4
9498	1	4
9499	3	2
9500	1	4
9501	4	1
9502	2	3
9503	1	4
9504	4	2
9505	4	1
9506	2	3
9507	1	4
9508	2	3
9509	0	0
9510	0	0
9511	2	3
9512	4	1
9513	4	1
9514	0	0
9515	2	3
9516	2	3
9517	2	1
9518	2	4
9519	4	1
9520	4	1
9521	2	3
9522	0	0
9523	3	2
9524	1	4
9525	4	1
9526	4	1
9527	3	2
9528	4	1
9529	3	2
9530	3	2
9531	2	3
9532	0	0
9533	4	1
9534	1	4
9535	0	1
9536	0	0
9537	4	1
9538	1	4
9539	2	3
9540	0	2
9541	0	0
9542	3	2
9543	4	1
9544	2	3
9545	1	4
9546	0	0
9547	2	3
9548	3	2
9549	2	3
9550	4	1
9551	3	2
9552	1	4
9553	2	3
9554	0	0
9555	2	3
9556	3	2
9557	0	0
9558	1	4
9559	0	0
9560	1	3
9561	4	1
9562	0	0
9563	3	2
9564	1	4
9565	1	4
9566	2	4
9567	2	3
9568	4	1
9569	1	4
9570	4	1
9571	4	1
9572	2	3
9573	0	0
9574	3	2
9575	4	1
9576	0	0
9577	0	0
9578	4	1
9579	1	4
9580	4	2
9581	2	1
9582	0	0
9583	2	3
9584	1	4
9585	4	1
9586	4	1
9587	2	3
9588	2	3
9589	2	3
9590	1	4
9591	2	3
9592	2	3
9593	4	1
9594	2	3
9595	3	2
9596	3	2
9597	3	2
9598	0	0
9599	3	2
9600	4	1
9601	2	3
9602	2	4
9603	2	3
9604	3	2
9605	4	1
9606	3	2
9607	1	3
9608	2	0
9609	2	3
9610	2	3
9611	0	0
9612	2	3
9613	1	4
9614	2	3
9615	2	3
9616	4	1
9617	0	0
9618	0	0
9619	4	2
9620	4	1
9621	3	2
9622	4	1
9623	2	3
9624	2	3
9625	3	2
9626	2	3
9627	0	0
9628	2	3
9629	1	4
9630	4	1
9631	2	3
9632	4	1
9633	4	1
9634	2	3
9635	2	3
9636	2	3
9637	2	3
9638	4	1
9639	3	2
9640	4	1
9641	1	4
9642	2	4
9643	4	1
9644	3	2
9645	2	1
9646	0	0
9647	1	4
9648	4	1
9649	3	2
9650	4	1
9651	0	0
9652	0	0
9653	0	0
9654	0	0
9655	2	3
9656	2	3
9657	3	2
9658	3	2
9659	4	2
9660	2	3
9661	1	4
9662	4	1
9663	0	0
9664	3	2
9665	4	1
9666	0	0
9667	0	0
9668	3	2
9669	2	3
9670	2	3
9671	1	4
9672	2	3
9673	4	1
9674	0	0
9675	4	1
9676	0	0
9677	4	1
9678	2	3
9679	2	1
9680	1	3
9681	4	1
9682	0	0
9683	0	0
9684	1	4
9685	2	3
9686	1	4
9687	4	2
9688	2	3
9689	0	0
9690	0	0
9691	1	4
9692	2	3
9693	0	0
9694	4	1
9695	4	1
9696	2	0
9697	3	2
9698	4	1
9699	0	0
9700	0	0
9701	3	2
9702	0	0
9703	4	1
9704	2	3
9705	0	0
9706	2	3
9707	0	0
9708	3	2
9709	1	4
9710	2	3
9711	4	1
9712	1	4
9713	0	0
9714	3	2
9715	0	0
9716	2	3
9717	3	2
9718	0	0
9719	4	1
9720	1	4
9721	1	4
9722	4	1
9723	0	0
9724	4	1
9725	2	3
9726	0	0
9727	1	4
9728	2	1
9729	2	3
9730	0	0
9731	0	0
9732	1	4
9733	0	0
9734	2	3
9735	4	1
9736	4	1
9737	2	3
9738	2	3
9739	3	2
9740	1	4
9741	1	4
9742	1	4
9743	0	0
9744	1	3
9745	4	1
9746	2	3
9747	0	0
9748	2	3
9749	2	3
9750	2	3
9751	2	3
9752	2	3
9753	2	3
9754	3	2
9755	0	0
9756	2	3
9757	2	1
9758	2	3
9759	0	0
9760	0	1
9761	3	2
9762	1	3
9763	1	4
9764	4	1
9765	2	3
9766	0	0
9767	1	4
9768	2	3
9769	4	2
9770	4	1
9771	0	0
9772	2	3
9773	4	1
9774	2	3
9775	0	0
9776	2	3
9777	4	1
9778	2	3
9779	2	1
9780	3	2
9781	0	1
9782	2	3
9783	1	4
9784	2	3
9785	1	4
9786	0	0
9787	3	2
9788	1	3
9789	4	1
9790	3	2
9791	2	1
9792	1	4
9793	4	2
9794	0	0
9795	4	1
9796	3	2
9797	1	4
9798	1	4
9799	2	3
9800	3	2
9801	3	2
9802	4	1
9803	2	3
9804	4	1
9805	2	3
9806	1	4
9807	0	0
9808	1	4
9809	2	3
9810	3	2
9811	4	2
9812	3	2
9813	3	2
9814	4	1
9815	2	0
9816	1	4
9817	2	1
9818	0	0
9819	1	4
9820	1	4
9821	0	0
9822	0	0
9823	4	1
9824	0	0
9825	2	1
9826	4	2
9827	4	1
9828	4	1
9829	4	1
9830	4	1
9831	1	4
9832	1	3
9833	1	4
9834	2	3
9835	2	3
9836	2	3
9837	0	0
9838	1	4
9839	2	3
9840	1	3
9841	2	3
9842	0	0
9843	3	2
9844	0	0
9845	2	3
9846	1	4
9847	2	3
9848	4	1
9849	2	3
9850	3	2
9851	2	3
9852	2	3
9853	4	1
9854	3	2
9855	4	1
9856	4	1
9857	2	3
9858	1	4
9859	3	2
9860	4	1
9861	2	3
9862	4	1
9863	0	0
9864	1	4
9865	4	1
9866	0	0
9867	4	1
9868	4	1
9869	3	2
9870	2	3
9871	2	3
9872	2	3
9873	4	2
9874	4	2
9875	1	4
9876	3	2
9877	2	3
9878	2	3
9879	2	3
9880	0	0
9881	3	2
9882	0	0
9883	0	0
9884	0	0
9885	2	3
9886	0	0
9887	3	2
9888	2	3
9889	0	0
9890	4	2
9891	0	0
9892	4	1
9893	4	1
9894	0	0
9895	4	1
9896	4	1
9897	2	3
9898	1	4
9899	1	4
9900	1	4
9901	2	3
9902	3	2
9903	2	3
9904	4	1
9905	0	0
9906	4	1
9907	0	0
9908	4	1
9909	4	1
9910	3	2
9911	0	0
9912	2	1
9913	2	3
9914	2	3
9915	2	3
9916	3	2
9917	0	0
9918	2	3
9919	0	0
9920	3	2
9921	3	2
9922	0	0
9923	1	4
9924	4	1
9925	4	1
9926	4	1
9927	0	0
9928	2	3
9929	2	3
9930	4	1
9931	4	1
9932	2	1
9933	2	3
9934	3	2
9935	4	1
9936	0	0
9937	2	0
9938	0	0
9939	2	3
9940	3	2
9941	1	3
9942	2	3
9943	3	2
9944	4	1
9945	0	0
9946	4	1
9947	3	2
9948	4	1
9949	4	1
9950	1	4
9951	3	2
9952	2	1
9953	2	1
9954	2	3
9955	0	0
9956	2	1
9957	4	1
9958	3	2
9959	2	3
9960	3	2
9961	0	0
9962	1	4
9963	4	1
9964	4	1
9965	4	1
9966	2	3
9967	4	1
9968	4	1
9969	1	4
9970	3	2
9971	4	1
9972	0	0
9973	3	2
9974	1	4
9975	0	0
9976	2	3
9977	2	3
9978	1	4
9979	1	4
9980	1	4
9981	4	1
9982	0	0
9983	0	0
9984	3	2
9985	3	2
9986	4	1
9987	3	2
9988	0	0
9989	0	0
9990	1	4
9991	1	4
9992	1	4
9993	2	4
9994	2	3
9995	1	4
9996	2	3
9997	0	0
9998	4	1
9999	2	3
